MARGINALPIBC;
2025;06;25;1;130.20;130.20;
2025;06;25;2;129.83;129.83;
2025;06;25;3;121.97;121.97;
2025;06;25;4;113.47;113.47;
2025;06;25;5;122.22;122.22;
2025;06;25;6;118.87;118.87;
2025;06;25;7;115.87;115.87;
2025;06;25;8;115.87;115.87;
2025;06;25;9;116.36;116.36;
2025;06;25;10;113.47;113.47;
2025;06;25;11;111.97;111.97;
2025;06;25;12;111.97;111.97;
2025;06;25;13;111.97;111.97;
2025;06;25;14;112.32;112.32;
2025;06;25;15;112.46;112.46;
2025;06;25;16;113.56;113.56;
2025;06;25;17;111.97;111.97;
2025;06;25;18;111.97;111.97;
2025;06;25;19;113.00;113.00;
2025;06;25;20;114.00;114.00;
2025;06;25;21;109.14;109.14;
2025;06;25;22;108.00;108.00;
2025;06;25;23;108.80;108.80;
2025;06;25;24;114.24;114.24;
2025;06;25;25;109.94;109.94;
2025;06;25;26;121.94;121.94;
2025;06;25;27;126.80;126.80;
2025;06;25;28;127.70;127.70;
2025;06;25;29;129.30;129.30;
2025;06;25;30;129.30;129.30;
2025;06;25;31;128.38;128.38;
2025;06;25;32;126.80;126.80;
2025;06;25;33;129.30;129.30;
2025;06;25;34;123.47;123.47;
2025;06;25;35;108.80;108.80;
2025;06;25;36;97.58;97.58;
2025;06;25;37;117.92;117.92;
2025;06;25;38;105.43;105.43;
2025;06;25;39;98.01;98.01;
2025;06;25;40;74.64;74.64;
2025;06;25;41;96.47;96.47;
2025;06;25;42;85.50;85.50;
2025;06;25;43;60.92;60.92;
2025;06;25;44;47.63;47.63;
2025;06;25;45;47.39;47.39;
2025;06;25;46;35.48;35.48;
2025;06;25;47;32.68;32.68;
2025;06;25;48;27.99;27.99;
2025;06;25;49;21.02;21.02;
2025;06;25;50;20.00;20.00;
2025;06;25;51;19.70;19.70;
2025;06;25;52;15.00;15.00;
2025;06;25;53;10.49;10.49;
2025;06;25;54;8.68;8.68;
2025;06;25;55;7.99;7.99;
2025;06;25;56;5.79;5.79;
2025;06;25;57;5.28;5.28;
2025;06;25;58;3.53;3.53;
2025;06;25;59;3.53;3.53;
2025;06;25;60;3.53;3.53;
2025;06;25;61;4.31;4.31;
2025;06;25;62;3.52;3.52;
2025;06;25;63;4.31;4.31;
2025;06;25;64;2.45;2.45;
2025;06;25;65;3.49;3.49;
2025;06;25;66;3.52;3.52;
2025;06;25;67;3.53;3.53;
2025;06;25;68;5.11;5.11;
2025;06;25;69;4.91;4.91;
2025;06;25;70;7.40;7.40;
2025;06;25;71;10.54;10.54;
2025;06;25;72;22.90;22.90;
2025;06;25;73;30.20;30.20;
2025;06;25;74;30.20;30.20;
2025;06;25;75;41.00;41.00;
2025;06;25;76;51.45;51.45;
2025;06;25;77;50.20;50.20;
2025;06;25;78;75.01;75.01;
2025;06;25;79;99.36;99.36;
2025;06;25;80;117.17;117.17;
2025;06;25;81;99.77;99.77;
2025;06;25;82;114.27;114.27;
2025;06;25;83;133.30;133.30;
2025;06;25;84;150.00;150.00;
2025;06;25;85;155.50;155.50;
2025;06;25;86;161.51;161.51;
2025;06;25;87;162.20;162.20;
2025;06;25;88;164.50;164.50;
2025;06;25;89;169.97;169.97;
2025;06;25;90;164.52;164.52;
2025;06;25;91;164.22;164.22;
2025;06;25;92;158.37;158.37;
2025;06;25;93;140.21;140.21;
2025;06;25;94;135.50;135.50;
2025;06;25;95;125.21;125.21;
2025;06;25;96;124.11;124.11;
*
