MARGINALPIBC;
2025;05;30;1;90.15;90.15;
2025;05;30;2;90.78;90.78;
2025;05;30;3;90.00;90.00;
2025;05;30;4;89.52;89.52;
2025;05;30;5;90.90;90.90;
2025;05;30;6;89.52;89.52;
2025;05;30;7;88.10;88.10;
2025;05;30;8;87.20;87.20;
2025;05;30;9;90.13;90.13;
2025;05;30;10;89.98;89.98;
2025;05;30;11;89.23;89.23;
2025;05;30;12;89.21;89.21;
2025;05;30;13;89.57;89.57;
2025;05;30;14;89.05;89.05;
2025;05;30;15;88.71;88.71;
2025;05;30;16;88.28;88.28;
2025;05;30;17;89.57;89.57;
2025;05;30;18;89.47;89.47;
2025;05;30;19;89.52;89.52;
2025;05;30;20;89.98;89.98;
2025;05;30;21;89.98;89.98;
2025;05;30;22;89.98;89.98;
2025;05;30;23;90.00;90.00;
2025;05;30;24;91.37;91.37;
2025;05;30;25;85.47;85.47;
2025;05;30;26;85.00;85.00;
2025;05;30;27;87.73;87.73;
2025;05;30;28;89.78;89.78;
2025;05;30;29;93.28;93.28;
2025;05;30;30;91.89;91.89;
2025;05;30;31;89.73;89.73;
2025;05;30;32;78.17;78.17;
2025;05;30;33;91.89;91.89;
2025;05;30;34;80.95;80.95;
2025;05;30;35;50.00;50.00;
2025;05;30;36;9.51;9.51;
2025;05;30;37;53.77;53.77;
2025;05;30;38;100.01;40.58;
2025;05;30;39;100.01;6.72;
2025;05;30;40;49.09;-6.00;
2025;05;30;41;60.01;30.40;
2025;05;30;42;55.01;6.95;
2025;05;30;43;55.01;-6.00;
2025;05;30;44;25.76;-10.07;
2025;05;30;45;19.60;3.52;
2025;05;30;46;55.01;-.60;
2025;05;30;47;24.11;-6.00;
2025;05;30;48;19.60;-5.75;
2025;05;30;49;19.45;4.00;
2025;05;30;50;25.95;1.72;
2025;05;30;51;24.11;.65;
2025;05;30;52;20.33;.00;
2025;05;30;53;19.68;.65;
2025;05;30;54;19.68;.00;
2025;05;30;55;19.68;.00;
2025;05;30;56;19.68;-.01;
2025;05;30;57;20.33;.00;
2025;05;30;58;20.33;.00;
2025;05;30;59;20.33;.00;
2025;05;30;60;20.33;.00;
2025;05;30;61;24.11;-.07;
2025;05;30;62;20.33;-.07;
2025;05;30;63;20.33;.00;
2025;05;30;64;20.93;.65;
2025;05;30;65;20.93;-2.37;
2025;05;30;66;21.56;1.72;
2025;05;30;67;24.11;3.52;
2025;05;30;68;25.43;17.28;
2025;05;30;69;19.89;-5.07;
2025;05;30;70;19.89;1.41;
2025;05;30;71;19.89;15.00;
2025;05;30;72;20.89;15.00;
2025;05;30;73;9.51;9.51;
2025;05;30;74;22.06;22.06;
2025;05;30;75;45.81;45.81;
2025;05;30;76;50.86;50.86;
2025;05;30;77;20.01;20.01;
2025;05;30;78;50.00;50.00;
2025;05;30;79;82.00;82.00;
2025;05;30;80;92.29;92.29;
2025;05;30;81;50.01;50.01;
2025;05;30;82;85.41;85.41;
2025;05;30;83;95.97;95.97;
2025;05;30;84;106.87;106.87;
2025;05;30;85;108.53;108.53;
2025;05;30;86;112.09;112.09;
2025;05;30;87;115.58;115.58;
2025;05;30;88;115.58;115.58;
2025;05;30;89;125.19;125.19;
2025;05;30;90;124.23;124.23;
2025;05;30;91;125.18;125.18;
2025;05;30;92;116.11;116.11;
2025;05;30;93;101.35;101.35;
2025;05;30;94;100.01;100.01;
2025;05;30;95;94.50;94.50;
2025;05;30;96;92.74;92.74;
*
