MARGINALPIBC;
2025;05;20;1;20.30;20.30;
2025;05;20;2;13.90;13.90;
2025;05;20;3;7.00;7.00;
2025;05;20;4;4.40;4.40;
2025;05;20;5;8.90;8.90;
2025;05;20;6;7.00;7.00;
2025;05;20;7;7.00;7.00;
2025;05;20;8;6.30;6.30;
2025;05;20;9;12.54;12.54;
2025;05;20;10;9.54;9.54;
2025;05;20;11;8.58;8.58;
2025;05;20;12;5.11;5.11;
2025;05;20;13;7.73;7.73;
2025;05;20;14;10.07;10.07;
2025;05;20;15;6.30;6.30;
2025;05;20;16;5.90;5.90;
2025;05;20;17;4.19;4.19;
2025;05;20;18;4.15;4.15;
2025;05;20;19;3.83;3.83;
2025;05;20;20;4.89;4.89;
2025;05;20;21;9.00;9.00;
2025;05;20;22;12.90;12.90;
2025;05;20;23;6.30;6.30;
2025;05;20;24;13.80;13.80;
2025;05;20;25;10.00;10.00;
2025;05;20;26;15.16;15.16;
2025;05;20;27;19.81;19.81;
2025;05;20;28;32.13;32.13;
2025;05;20;29;24.59;24.59;
2025;05;20;30;24.67;24.67;
2025;05;20;31;22.62;22.62;
2025;05;20;32;11.00;11.00;
2025;05;20;33;49.90;49.90;
2025;05;20;34;28.77;28.77;
2025;05;20;35;8.90;8.90;
2025;05;20;36;0.00;.00;
2025;05;20;37;20.00;14.00;
2025;05;20;38;20.00;3.52;
2025;05;20;39;20.00;-.04;
2025;05;20;40;12.90;-.04;
2025;05;20;41;21.26;.01;
2025;05;20;42;19.30;.00;
2025;05;20;43;19.30;-.04;
2025;05;20;44;21.26;-.04;
2025;05;20;45;22.10;-.04;
2025;05;20;46;19.40;-.04;
2025;05;20;47;19.40;-.04;
2025;05;20;48;8.16;-.50;
2025;05;20;49;10.59;-.50;
2025;05;20;50;10.59;-.50;
2025;05;20;51;8.59;-.67;
2025;05;20;52;8.09;-.98;
2025;05;20;53;10.38;-.50;
2025;05;20;54;8.16;-.50;
2025;05;20;55;7.38;-.50;
2025;05;20;56;7.38;-1.25;
2025;05;20;57;8.38;-2.10;
2025;05;20;58;8.38;-1.01;
2025;05;20;59;8.38;-1.01;
2025;05;20;60;8.16;-1.50;
2025;05;20;61;8.16;-3.75;
2025;05;20;62;8.16;-1.54;
2025;05;20;63;8.16;-2.15;
2025;05;20;64;9.31;-2.07;
2025;05;20;65;6.00;-1.54;
2025;05;20;66;5.76;-1.50;
2025;05;20;67;5.76;-2.28;
2025;05;20;68;5.76;-1.00;
2025;05;20;69;6.00;-.50;
2025;05;20;70;6.00;-.04;
2025;05;20;71;8.16;-.04;
2025;05;20;72;9.31;.00;
2025;05;20;73;4.31;-.04;
2025;05;20;74;5.00;-.01;
2025;05;20;75;6.00;.00;
2025;05;20;76;6.50;3.52;
2025;05;20;77;4.31;-8.00;
2025;05;20;78;5.00;-.48;
2025;05;20;79;13.56;13.56;
2025;05;20;80;33.52;33.52;
2025;05;20;81;5.76;5.76;
2025;05;20;82;8.90;8.90;
2025;05;20;83;27.96;27.96;
2025;05;20;84;46.31;46.31;
2025;05;20;85;50.09;50.09;
2025;05;20;86;56.61;56.61;
2025;05;20;87;58.48;58.48;
2025;05;20;88;52.38;52.38;
2025;05;20;89;59.90;61.94;
2025;05;20;90;54.00;54.00;
2025;05;20;91;57.90;57.90;
2025;05;20;92;52.00;52.00;
2025;05;20;93;45.36;45.36;
2025;05;20;94;37.80;37.80;
2025;05;20;95;37.80;37.80;
2025;05;20;96;29.79;29.79;
*
