MARGINALPIBC;
2025;07;26;1;66.39;66.39;
2025;07;26;2;74.40;74.40;
2025;07;26;3;66.39;66.39;
2025;07;26;4;66.39;66.39;
2025;07;26;5;79.76;79.76;
2025;07;26;6;82.16;82.16;
2025;07;26;7;66.28;66.28;
2025;07;26;8;61.16;61.16;
2025;07;26;9;65.01;65.01;
2025;07;26;10;53.15;53.15;
2025;07;26;11;50.29;50.29;
2025;07;26;12;46.28;46.28;
2025;07;26;13;67.45;67.45;
2025;07;26;14;56.84;56.84;
2025;07;26;15;41.83;41.83;
2025;07;26;16;41.83;41.83;
2025;07;26;17;34.59;34.59;
2025;07;26;18;34.56;34.56;
2025;07;26;19;31.39;31.39;
2025;07;26;20;31.39;31.39;
2025;07;26;21;35.74;35.74;
2025;07;26;22;40.94;40.94;
2025;07;26;23;44.69;44.69;
2025;07;26;24;43.60;43.60;
2025;07;26;25;45.01;45.01;
2025;07;26;26;54.53;54.53;
2025;07;26;27;55.01;55.01;
2025;07;26;28;44.70;44.70;
2025;07;26;29;64.11;64.11;
2025;07;26;30;55.59;55.59;
2025;07;26;31;39.01;39.01;
2025;07;26;32;24.71;24.71;
2025;07;26;33;80.30;80.30;
2025;07;26;34;74.48;74.48;
2025;07;26;35;30.55;30.55;
2025;07;26;36;8.29;8.29;
2025;07;26;37;78.49;78.49;
2025;07;26;38;53.60;53.60;
2025;07;26;39;8.16;8.16;
2025;07;26;40;3.10;3.10;
2025;07;26;41;31.66;31.66;
2025;07;26;42;11.15;11.15;
2025;07;26;43;5.11;5.11;
2025;07;26;44;4.31;4.31;
2025;07;26;45;25.89;25.89;
2025;07;26;46;5.76;5.76;
2025;07;26;47;5.76;5.76;
2025;07;26;48;5.76;5.76;
2025;07;26;49;5.00;5.00;
2025;07;26;50;4.31;4.31;
2025;07;26;51;5.00;5.00;
2025;07;26;52;5.00;5.00;
2025;07;26;53;5.59;5.59;
2025;07;26;54;5.11;5.11;
2025;07;26;55;5.00;5.00;
2025;07;26;56;4.31;4.31;
2025;07;26;57;4.31;4.31;
2025;07;26;58;4.01;4.01;
2025;07;26;59;3.98;3.98;
2025;07;26;60;1.91;1.91;
2025;07;26;61;0.85;.85;
2025;07;26;62;0.65;.65;
2025;07;26;63;0.65;.65;
2025;07;26;64;0.65;.65;
2025;07;26;65;0.65;.65;
2025;07;26;66;0.00;.00;
2025;07;26;67;0.65;.65;
2025;07;26;68;0.65;.65;
2025;07;26;69;0.00;.00;
2025;07;26;70;0.65;.65;
2025;07;26;71;0.65;.65;
2025;07;26;72;3.52;3.52;
2025;07;26;73;0.65;.65;
2025;07;26;74;2.60;2.60;
2025;07;26;75;5.76;5.76;
2025;07;26;76;15.25;15.25;
2025;07;26;77;4.31;-10.00;
2025;07;26;78;6.34;.00;
2025;07;26;79;29.49;29.49;
2025;07;26;80;80.06;80.06;
2025;07;26;81;2.17;2.17;
2025;07;26;82;40.77;40.77;
2025;07;26;83;72.15;72.15;
2025;07;26;84;86.91;86.91;
2025;07;26;85;80.71;80.71;
2025;07;26;86;89.57;89.57;
2025;07;26;87;90.00;90.00;
2025;07;26;88;90.00;90.00;
2025;07;26;89;91.50;91.50;
2025;07;26;90;90.57;90.57;
2025;07;26;91;91.67;91.67;
2025;07;26;92;90.00;90.00;
2025;07;26;93;90.36;90.36;
2025;07;26;94;88.20;88.20;
2025;07;26;95;86.76;86.76;
2025;07;26;96;74.73;74.73;
*
