MARGINALPIBC;
2025;04;23;1;57.34;57.34;
2025;04;23;2;57.34;57.34;
2025;04;23;3;65.84;65.84;
2025;04;23;4;30.00;30.00;
2025;04;23;5;53.98;53.98;
2025;04;23;6;50.04;50.04;
2025;04;23;7;55.40;55.40;
2025;04;23;8;40.00;40.00;
2025;04;23;9;30.98;30.98;
2025;04;23;10;45.48;45.48;
2025;04;23;11;45.48;45.48;
2025;04;23;12;36.80;36.80;
2025;04;23;13;52.17;52.17;
2025;04;23;14;50.84;50.84;
2025;04;23;15;40.00;40.00;
2025;04;23;16;35.30;35.30;
2025;04;23;17;45.08;45.08;
2025;04;23;18;44.92;44.92;
2025;04;23;19;43.28;43.28;
2025;04;23;20;41.81;41.81;
2025;04;23;21;36.27;36.27;
2025;04;23;22;38.17;38.17;
2025;04;23;23;38.17;38.17;
2025;04;23;24;47.17;47.17;
2025;04;23;25;13.00;42.05;
2025;04;23;26;13.00;58.00;
2025;04;23;27;13.00;71.05;
2025;04;23;28;13.00;87.87;
2025;04;23;29;20.24;68.20;
2025;04;23;30;20.24;76.80;
2025;04;23;31;20.24;86.80;
2025;04;23;32;20.24;86.42;
2025;04;23;33;97.12;97.12;
2025;04;23;34;80.46;80.46;
2025;04;23;35;56.61;56.61;
2025;04;23;36;12.00;12.00;
2025;04;23;37;51.25;51.25;
2025;04;23;38;14.00;14.00;
2025;04;23;39;-2.20;-2.20;
2025;04;23;40;-5.21;-5.21;
2025;04;23;41;-5.16;-5.16;
2025;04;23;42;-5.21;-5.21;
2025;04;23;43;-5.64;-5.64;
2025;04;23;44;-6.00;-6.00;
2025;04;23;45;-0.69;-.69;
2025;04;23;46;-2.29;-2.29;
2025;04;23;47;-5.00;-5.00;
2025;04;23;48;-5.00;-5.00;
2025;04;23;49;-2.28;-2.28;
2025;04;23;50;-3.35;-3.35;
2025;04;23;51;-3.89;-3.89;
2025;04;23;52;-4.35;-4.35;
2025;04;23;53;-2.74;-2.74;
2025;04;23;54;-3.72;-3.72;
2025;04;23;55;-2.20;-2.20;
2025;04;23;56;-2.20;-2.20;
2025;04;23;57;-3.89;-3.89;
2025;04;23;58;-3.89;-3.89;
2025;04;23;59;-3.89;-3.89;
2025;04;23;60;-3.89;-3.89;
2025;04;23;61;-4.10;-4.10;
2025;04;23;62;-5.00;-5.00;
2025;04;23;63;-5.00;-5.00;
2025;04;23;64;-5.00;-5.00;
2025;04;23;65;-3.89;-3.89;
2025;04;23;66;-3.89;-3.89;
2025;04;23;67;-2.20;-2.50;
2025;04;23;68;-2.20;-3.62;
2025;04;23;69;-3.89;-3.89;
2025;04;23;70;-3.89;-3.89;
2025;04;23;71;-3.89;-3.89;
2025;04;23;72;0.00;.00;
2025;04;23;73;-1.98;-1.98;
2025;04;23;74;-0.48;-.48;
2025;04;23;75;5.00;5.00;
2025;04;23;76;7.69;7.69;
2025;04;23;77;3.64;3.64;
2025;04;23;78;25.74;25.74;
2025;04;23;79;46.24;46.24;
2025;04;23;80;61.25;61.25;
2025;04;23;81;54.14;54.14;
2025;04;23;82;79.86;79.86;
2025;04;23;83;96.16;96.16;
2025;04;23;84;121.94;121.94;
2025;04;23;85;114.85;114.85;
2025;04;23;86;109.75;109.75;
2025;04;23;87;111.70;111.70;
2025;04;23;88;103.70;103.70;
2025;04;23;89;101.58;101.58;
2025;04;23;90;95.60;95.60;
2025;04;23;91;96.98;96.98;
2025;04;23;92;95.02;95.02;
2025;04;23;93;81.07;81.07;
2025;04;23;94;72.22;72.22;
2025;04;23;95;76.24;76.24;
2025;04;23;96;72.22;72.22;
*
