MARGINALPIBC;
2025;05;29;1;87.40;87.40;
2025;05;29;2;89.25;89.25;
2025;05;29;3;49.63;49.63;
2025;05;29;4;40.01;40.01;
2025;05;29;5;54.10;54.10;
2025;05;29;6;48.28;48.28;
2025;05;29;7;44.02;44.02;
2025;05;29;8;38.99;38.99;
2025;05;29;9;53.81;53.81;
2025;05;29;10;48.19;48.19;
2025;05;29;11;41.31;41.31;
2025;05;29;12;39.01;39.01;
2025;05;29;13;36.72;36.72;
2025;05;29;14;36.01;36.01;
2025;05;29;15;34.23;34.23;
2025;05;29;16;33.04;33.04;
2025;05;29;17;33.24;33.24;
2025;05;29;18;37.23;37.23;
2025;05;29;19;35.73;35.73;
2025;05;29;20;37.23;37.23;
2025;05;29;21;26.17;26.17;
2025;05;29;22;35.31;35.31;
2025;05;29;23;39.01;39.01;
2025;05;29;24;45.00;45.00;
2025;05;29;25;36.94;36.94;
2025;05;29;26;37.94;37.94;
2025;05;29;27;37.96;37.96;
2025;05;29;28;48.95;48.95;
2025;05;29;29;48.95;48.95;
2025;05;29;30;48.00;48.00;
2025;05;29;31;40.01;40.01;
2025;05;29;32;38.01;38.01;
2025;05;29;33;63.24;63.24;
2025;05;29;34;40.78;40.78;
2025;05;29;35;27.74;27.74;
2025;05;29;36;-1.01;-1.01;
2025;05;29;37;46.04;46.04;
2025;05;29;38;32.49;31.40;
2025;05;29;39;32.49;21.06;
2025;05;29;40;32.49;-1.00;
2025;05;29;41;24.92;24.92;
2025;05;29;42;22.72;22.72;
2025;05;29;43;20.33;18.72;
2025;05;29;44;20.90;8.60;
2025;05;29;45;20.68;5.65;
2025;05;29;46;20.68;3.52;
2025;05;29;47;14.67;.85;
2025;05;29;48;14.67;-1.10;
2025;05;29;49;15.44;7.06;
2025;05;29;50;15.43;4.99;
2025;05;29;51;15.43;1.98;
2025;05;29;52;15.42;.85;
2025;05;29;53;21.56;.55;
2025;05;29;54;21.56;.00;
2025;05;29;55;13.00;-.48;
2025;05;29;56;11.99;-.48;
2025;05;29;57;10.01;-.50;
2025;05;29;58;10.01;-.50;
2025;05;29;59;24.11;-.50;
2025;05;29;60;24.11;.00;
2025;05;29;61;20.33;-.07;
2025;05;29;62;24.11;-1.03;
2025;05;29;63;10.01;-.12;
2025;05;29;64;10.01;.65;
2025;05;29;65;12.99;-1.96;
2025;05;29;66;12.99;.00;
2025;05;29;67;12.49;3.52;
2025;05;29;68;12.99;6.99;
2025;05;29;69;10.68;-5.93;
2025;05;29;70;14.17;-.09;
2025;05;29;71;15.68;3.07;
2025;05;29;72;30.68;10.06;
2025;05;29;73;10.01;2.31;
2025;05;29;74;17.78;15.27;
2025;05;29;75;27.74;27.74;
2025;05;29;76;45.30;45.30;
2025;05;29;77;10.01;3.00;
2025;05;29;78;28.99;28.99;
2025;05;29;79;45.93;45.93;
2025;05;29;80;75.12;75.12;
2025;05;29;81;46.63;46.63;
2025;05;29;82;68.88;68.88;
2025;05;29;83;82.56;82.56;
2025;05;29;84;86.63;87.65;
2025;05;29;85;110.00;110.00;
2025;05;29;86;110.99;119.31;
2025;05;29;87;114.99;119.31;
2025;05;29;88;110.99;110.99;
2025;05;29;89;99.29;99.29;
2025;05;29;90;99.02;99.02;
2025;05;29;91;80.75;80.75;
2025;05;29;92;89.51;89.51;
2025;05;29;93;79.40;79.40;
2025;05;29;94;64.50;64.50;
2025;05;29;95;60.90;60.90;
2025;05;29;96;53.89;53.89;
*
