MARGINALPIBC;
2025;07;14;1;120.94;120.94;
2025;07;14;2;118.10;118.10;
2025;07;14;3;106.29;106.29;
2025;07;14;4;94.48;94.48;
2025;07;14;5;105.71;105.71;
2025;07;14;6;96.45;96.45;
2025;07;14;7;81.60;81.60;
2025;07;14;8;77.58;77.58;
2025;07;14;9;76.86;76.86;
2025;07;14;10;75.00;75.00;
2025;07;14;11;75.38;75.38;
2025;07;14;12;75.38;75.38;
2025;07;14;13;72.89;72.89;
2025;07;14;14;69.77;69.77;
2025;07;14;15;69.56;69.56;
2025;07;14;16;69.00;69.00;
2025;07;14;17;69.00;69.00;
2025;07;14;18;69.00;69.00;
2025;07;14;19;69.00;69.00;
2025;07;14;20;69.00;69.00;
2025;07;14;21;69.11;69.11;
2025;07;14;22;69.00;69.00;
2025;07;14;23;74.96;74.96;
2025;07;14;24;83.60;83.60;
2025;07;14;25;83.43;83.43;
2025;07;14;26;118.06;118.06;
2025;07;14;27;118.85;118.85;
2025;07;14;28;123.90;123.90;
2025;07;14;29;127.72;127.72;
2025;07;14;30;128.72;128.72;
2025;07;14;31;123.53;123.53;
2025;07;14;32;122.72;122.72;
2025;07;14;33;134.72;134.72;
2025;07;14;34;119.94;119.94;
2025;07;14;35;80.00;80.00;
2025;07;14;36;59.00;59.00;
2025;07;14;37;96.50;96.50;
2025;07;14;38;71.77;71.77;
2025;07;14;39;60.91;60.91;
2025;07;14;40;46.91;25.19;
2025;07;14;41;75.50;75.50;
2025;07;14;42;49.62;49.62;
2025;07;14;43;46.91;46.91;
2025;07;14;44;38.42;33.47;
2025;07;14;45;35.26;25.54;
2025;07;14;46;35.26;33.40;
2025;07;14;47;35.26;23.80;
2025;07;14;48;34.26;23.22;
2025;07;14;49;39.06;39.06;
2025;07;14;50;36.77;36.77;
2025;07;14;51;38.49;38.49;
2025;07;14;52;36.16;36.16;
2025;07;14;53;40.34;39.80;
2025;07;14;54;40.34;39.55;
2025;07;14;55;38.42;28.05;
2025;07;14;56;38.42;27.80;
2025;07;14;57;33.03;30.69;
2025;07;14;58;33.03;31.79;
2025;07;14;59;33.03;33.03;
2025;07;14;60;32.49;32.49;
2025;07;14;61;19.75;13.98;
2025;07;14;62;19.75;18.78;
2025;07;14;63;19.75;14.93;
2025;07;14;64;18.75;12.67;
2025;07;14;65;28.63;12.09;
2025;07;14;66;28.63;11.09;
2025;07;14;67;27.63;21.22;
2025;07;14;68;28.00;28.00;
2025;07;14;69;38.42;.00;
2025;07;14;70;42.50;12.40;
2025;07;14;71;42.50;42.00;
2025;07;14;72;53.00;53.00;
2025;07;14;73;19.42;9.75;
2025;07;14;74;32.10;32.10;
2025;07;14;75;54.00;54.00;
2025;07;14;76;66.00;66.00;
2025;07;14;77;36.13;36.13;
2025;07;14;78;59.00;59.00;
2025;07;14;79;77.76;77.76;
2025;07;14;80;99.09;99.09;
2025;07;14;81;59.00;59.00;
2025;07;14;82;97.06;97.06;
2025;07;14;83;117.45;117.45;
2025;07;14;84;133.06;133.06;
2025;07;14;85;100.00;100.00;
2025;07;14;86;113.98;113.98;
2025;07;14;87;116.65;116.65;
2025;07;14;88;116.65;116.65;
2025;07;14;89;118.86;118.86;
2025;07;14;90;114.75;114.75;
2025;07;14;91;110.00;110.00;
2025;07;14;92;100.00;100.00;
2025;07;14;93;117.76;117.76;
2025;07;14;94;112.00;112.00;
2025;07;14;95;106.43;106.43;
2025;07;14;96;99.88;99.88;
*
