MARGINALPIBC;
2025;06;18;1;139.21;139.21;
2025;06;18;2;136.36;136.36;
2025;06;18;3;135.64;135.64;
2025;06;18;4;135.40;135.40;
2025;06;18;5;135.40;135.40;
2025;06;18;6;135.28;135.28;
2025;06;18;7;135.28;135.28;
2025;06;18;8;134.78;134.78;
2025;06;18;9;135.40;135.40;
2025;06;18;10;135.40;135.40;
2025;06;18;11;135.40;135.40;
2025;06;18;12;135.40;135.40;
2025;06;18;13;135.40;135.40;
2025;06;18;14;135.40;135.40;
2025;06;18;15;135.40;135.40;
2025;06;18;16;135.64;135.64;
2025;06;18;17;135.28;135.28;
2025;06;18;18;135.40;135.40;
2025;06;18;19;135.40;135.40;
2025;06;18;20;135.64;135.64;
2025;06;18;21;134.96;134.96;
2025;06;18;22;135.00;135.00;
2025;06;18;23;135.64;135.64;
2025;06;18;24;136.12;136.12;
2025;06;18;25;142.00;142.00;
2025;06;18;26;146.33;146.33;
2025;06;18;27;146.33;146.33;
2025;06;18;28;150.06;150.06;
2025;06;18;29;185.94;185.94;
2025;06;18;30;169.99;169.99;
2025;06;18;31;155.00;155.00;
2025;06;18;32;150.12;150.12;
2025;06;18;33;181.12;181.12;
2025;06;18;34;145.00;145.00;
2025;06;18;35;135.28;135.28;
2025;06;18;36;106.11;106.11;
2025;06;18;37;134.18;134.18;
2025;06;18;38;114.04;114.04;
2025;06;18;39;109.59;109.59;
2025;06;18;40;99.00;99.00;
2025;06;18;41;94.07;94.07;
2025;06;18;42;94.07;94.07;
2025;06;18;43;94.07;94.07;
2025;06;18;44;94.07;94.07;
2025;06;18;45;71.70;71.70;
2025;06;18;46;71.70;71.70;
2025;06;18;47;71.70;71.70;
2025;06;18;48;71.70;71.70;
2025;06;18;49;53.30;53.30;
2025;06;18;50;53.30;53.30;
2025;06;18;51;53.30;53.30;
2025;06;18;52;53.30;53.30;
2025;06;18;53;48.84;48.84;
2025;06;18;54;48.84;48.84;
2025;06;18;55;48.84;48.84;
2025;06;18;56;48.84;48.84;
2025;06;18;57;48.40;48.40;
2025;06;18;58;48.40;48.40;
2025;06;18;59;48.40;48.40;
2025;06;18;60;48.40;48.40;
2025;06;18;61;47.30;47.30;
2025;06;18;62;47.30;47.30;
2025;06;18;63;47.30;47.30;
2025;06;18;64;48.23;48.23;
2025;06;18;65;57.27;57.27;
2025;06;18;66;59.06;59.06;
2025;06;18;67;59.35;59.35;
2025;06;18;68;59.99;59.99;
2025;06;18;69;82.90;82.90;
2025;06;18;70;91.19;91.19;
2025;06;18;71;94.37;94.37;
2025;06;18;72;97.90;97.90;
2025;06;18;73;84.00;84.00;
2025;06;18;74;97.41;97.41;
2025;06;18;75;105.67;105.67;
2025;06;18;76;119.67;119.67;
2025;06;18;77;88.12;88.12;
2025;06;18;78;108.88;108.88;
2025;06;18;79;128.17;128.17;
2025;06;18;80;158.83;158.83;
2025;06;18;81;129.65;129.65;
2025;06;18;82;144.03;144.03;
2025;06;18;83;155.98;155.98;
2025;06;18;84;185.94;185.94;
2025;06;18;85;189.56;220.40;
2025;06;18;86;189.56;246.22;
2025;06;18;87;189.56;248.73;
2025;06;18;88;189.56;244.56;
2025;06;18;89;161.75;216.50;
2025;06;18;90;161.75;196.74;
2025;06;18;91;161.75;172.75;
2025;06;18;92;161.75;166.75;
2025;06;18;93;148.51;148.51;
2025;06;18;94;140.01;140.01;
2025;06;18;95;135.01;135.01;
2025;06;18;96;130.51;130.51;
*
