MARGINALPIBC;
2025;06;21;1;129.42;129.42;
2025;06;21;2;129.42;129.42;
2025;06;21;3;128.91;128.91;
2025;06;21;4;126.74;126.74;
2025;06;21;5;126.93;126.93;
2025;06;21;6;126.93;126.93;
2025;06;21;7;121.43;121.43;
2025;06;21;8;118.04;118.04;
2025;06;21;9;125.45;125.45;
2025;06;21;10;122.09;122.09;
2025;06;21;11;120.42;120.42;
2025;06;21;12;118.74;118.74;
2025;06;21;13;112.81;112.81;
2025;06;21;14;108.81;108.81;
2025;06;21;15;110.81;110.81;
2025;06;21;16;110.17;110.17;
2025;06;21;17;123.64;123.64;
2025;06;21;18;123.47;123.47;
2025;06;21;19;123.47;123.47;
2025;06;21;20;123.47;123.47;
2025;06;21;21;123.47;123.47;
2025;06;21;22;123.47;123.47;
2025;06;21;23;122.65;122.65;
2025;06;21;24;122.65;122.65;
2025;06;21;25;129.00;129.00;
2025;06;21;26;129.00;129.00;
2025;06;21;27;129.42;129.42;
2025;06;21;28;129.42;129.42;
2025;06;21;29;138.47;138.47;
2025;06;21;30;127.12;127.12;
2025;06;21;31;119.80;119.80;
2025;06;21;32;101.22;101.22;
2025;06;21;33;119.14;119.14;
2025;06;21;34;103.10;103.10;
2025;06;21;35;76.55;76.55;
2025;06;21;36;43.60;43.60;
2025;06;21;37;70.99;70.99;
2025;06;21;38;50.50;50.50;
2025;06;21;39;20.29;20.29;
2025;06;21;40;5.76;5.76;
2025;06;21;41;33.94;33.94;
2025;06;21;42;5.40;5.40;
2025;06;21;43;2.00;.65;
2025;06;21;44;2.00;.00;
2025;06;21;45;6.00;6.00;
2025;06;21;46;2.00;.00;
2025;06;21;47;1.57;.00;
2025;06;21;48;1.57;.00;
2025;06;21;49;2.00;.00;
2025;06;21;50;1.57;.00;
2025;06;21;51;1.57;.00;
2025;06;21;52;1.57;.00;
2025;06;21;53;2.00;.00;
2025;06;21;54;2.00;.00;
2025;06;21;55;1.57;.00;
2025;06;21;56;1.57;.00;
2025;06;21;57;2.00;.00;
2025;06;21;58;1.57;.00;
2025;06;21;59;1.57;.00;
2025;06;21;60;1.57;-.15;
2025;06;21;61;1.57;.00;
2025;06;21;62;1.57;-.15;
2025;06;21;63;1.57;-2.01;
2025;06;21;64;1.57;.00;
2025;06;21;65;2.00;-5.40;
2025;06;21;66;2.00;-1.86;
2025;06;21;67;2.00;.85;
2025;06;21;68;3.11;3.11;
2025;06;21;69;2.00;.00;
2025;06;21;70;2.84;2.84;
2025;06;21;71;9.81;9.81;
2025;06;21;72;30.16;30.16;
2025;06;21;73;2.00;2.00;
2025;06;21;74;16.27;16.27;
2025;06;21;75;64.86;64.86;
2025;06;21;76;85.46;85.46;
2025;06;21;77;64.88;64.88;
2025;06;21;78;97.37;97.37;
2025;06;21;79;103.00;103.00;
2025;06;21;80;120.99;120.99;
2025;06;21;81;95.64;95.64;
2025;06;21;82;117.84;117.84;
2025;06;21;83;129.42;129.42;
2025;06;21;84;138.47;138.97;
2025;06;21;85;129.93;134.93;
2025;06;21;86;129.93;134.93;
2025;06;21;87;129.93;139.40;
2025;06;21;88;129.93;139.29;
2025;06;21;89;138.81;138.81;
2025;06;21;90;137.81;137.81;
2025;06;21;91;137.90;137.90;
2025;06;21;92;128.87;128.87;
2025;06;21;93;138.47;138.68;
2025;06;21;94;126.07;126.07;
2025;06;21;95;123.97;123.97;
2025;06;21;96;118.93;118.93;
*
