MARGINALPIBC;
2025;06;06;1;98.15;98.15;
2025;06;06;2;109.63;109.63;
2025;06;06;3;104.04;104.04;
2025;06;06;4;100.00;100.00;
2025;06;06;5;99.61;99.61;
2025;06;06;6;98.15;98.15;
2025;06;06;7;98.15;98.15;
2025;06;06;8;98.15;98.15;
2025;06;06;9;109.63;109.63;
2025;06;06;10;109.05;109.05;
2025;06;06;11;108.39;108.39;
2025;06;06;12;107.73;107.73;
2025;06;06;13;104.61;104.61;
2025;06;06;14;104.61;104.61;
2025;06;06;15;104.61;104.61;
2025;06;06;16;103.98;103.98;
2025;06;06;17;104.14;104.14;
2025;06;06;18;104.14;104.14;
2025;06;06;19;104.14;104.14;
2025;06;06;20;104.76;104.76;
2025;06;06;21;104.29;104.29;
2025;06;06;22;104.29;104.29;
2025;06;06;23;104.00;104.00;
2025;06;06;24;105.55;105.55;
2025;06;06;25;104.77;104.77;
2025;06;06;26;110.93;110.93;
2025;06;06;27;111.33;111.33;
2025;06;06;28;112.44;112.44;
2025;06;06;29;117.67;117.67;
2025;06;06;30;116.39;116.39;
2025;06;06;31;114.15;114.15;
2025;06;06;32;107.81;107.81;
2025;06;06;33;110.44;110.44;
2025;06;06;34;101.26;101.26;
2025;06;06;35;85.00;85.00;
2025;06;06;36;70.00;70.00;
2025;06;06;37;81.00;81.00;
2025;06;06;38;62.73;62.73;
2025;06;06;39;132.48;12.03;
2025;06;06;40;149.80;-6.00;
2025;06;06;41;94.13;17.62;
2025;06;06;42;57.98;-.23;
2025;06;06;43;21.56;-6.02;
2025;06;06;44;15.11;-6.00;
2025;06;06;45;20.33;13.75;
2025;06;06;46;10.71;3.52;
2025;06;06;47;8.58;.00;
2025;06;06;48;8.51;.00;
2025;06;06;49;90.90;.85;
2025;06;06;50;46.79;.85;
2025;06;06;51;25.79;.73;
2025;06;06;52;24.11;.70;
2025;06;06;53;10.76;.65;
2025;06;06;54;6.00;.65;
2025;06;06;55;5.76;.65;
2025;06;06;56;5.76;.65;
2025;06;06;57;5.00;.85;
2025;06;06;58;5.00;.85;
2025;06;06;59;5.00;.65;
2025;06;06;60;5.76;.65;
2025;06;06;61;5.00;1.00;
2025;06;06;62;5.00;.85;
2025;06;06;63;5.00;2.00;
2025;06;06;64;5.00;3.00;
2025;06;06;65;5.00;1.72;
2025;06;06;66;5.00;2.00;
2025;06;06;67;5.00;3.52;
2025;06;06;68;14.86;14.86;
2025;06;06;69;4.46;-.46;
2025;06;06;70;4.46;1.72;
2025;06;06;71;4.46;4.20;
2025;06;06;72;11.14;11.14;
2025;06;06;73;10.69;-.86;
2025;06;06;74;10.69;3.62;
2025;06;06;75;11.32;11.32;
2025;06;06;76;40.48;40.48;
2025;06;06;77;7.41;.00;
2025;06;06;78;15.28;15.28;
2025;06;06;79;61.00;61.00;
2025;06;06;80;89.23;89.23;
2025;06;06;81;65.97;65.97;
2025;06;06;82;94.20;94.20;
2025;06;06;83;97.57;97.57;
2025;06;06;84;120.40;120.40;
2025;06;06;85;121.51;121.51;
2025;06;06;86;121.51;121.51;
2025;06;06;87;123.01;123.01;
2025;06;06;88;121.51;121.51;
2025;06;06;89;126.31;126.31;
2025;06;06;90;126.31;126.31;
2025;06;06;91;126.31;126.31;
2025;06;06;92;120.44;120.44;
2025;06;06;93;109.21;109.21;
2025;06;06;94;109.21;109.21;
2025;06;06;95;102.14;102.14;
2025;06;06;96;96.35;96.35;
*
