MARGINALPIBC;
2025;05;08;1;65.91;65.91;
2025;05;08;2;54.94;54.94;
2025;05;08;3;20.91;20.91;
2025;05;08;4;3.05;3.05;
2025;05;08;5;29.23;29.23;
2025;05;08;6;22.53;22.53;
2025;05;08;7;14.00;14.00;
2025;05;08;8;5.50;5.50;
2025;05;08;9;25.30;25.30;
2025;05;08;10;19.48;19.48;
2025;05;08;11;16.73;16.73;
2025;05;08;12;20.63;20.63;
2025;05;08;13;19.05;19.05;
2025;05;08;14;17.87;17.87;
2025;05;08;15;20.00;20.00;
2025;05;08;16;18.60;18.60;
2025;05;08;17;13.98;13.98;
2025;05;08;18;16.80;16.80;
2025;05;08;19;11.65;11.65;
2025;05;08;20;16.98;16.98;
2025;05;08;21;5.11;5.11;
2025;05;08;22;5.20;5.20;
2025;05;08;23;10.95;10.95;
2025;05;08;24;27.03;27.03;
2025;05;08;25;19.59;19.59;
2025;05;08;26;20.00;20.00;
2025;05;08;27;27.04;27.04;
2025;05;08;28;69.21;69.21;
2025;05;08;29;70.01;70.01;
2025;05;08;30;73.99;73.99;
2025;05;08;31;74.06;74.06;
2025;05;08;32;73.99;73.99;
2025;05;08;33;80.10;80.10;
2025;05;08;34;73.99;73.99;
2025;05;08;35;54.94;54.94;
2025;05;08;36;18.90;18.90;
2025;05;08;37;32.77;32.77;
2025;05;08;38;12.28;12.28;
2025;05;08;39;5.00;.87;
2025;05;08;40;5.00;.01;
2025;05;08;41;29.10;29.10;
2025;05;08;42;22.60;22.60;
2025;05;08;43;11.10;11.10;
2025;05;08;44;5.60;5.60;
2025;05;08;45;7.00;7.00;
2025;05;08;46;5.60;5.60;
2025;05;08;47;5.50;5.00;
2025;05;08;48;5.50;2.00;
2025;05;08;49;5.30;.85;
2025;05;08;50;5.30;.65;
2025;05;08;51;5.30;.11;
2025;05;08;52;5.30;.01;
2025;05;08;53;15.10;15.10;
2025;05;08;54;13.99;13.99;
2025;05;08;55;12.09;12.09;
2025;05;08;56;7.55;7.55;
2025;05;08;57;39.57;14.99;
2025;05;08;58;39.57;10.53;
2025;05;08;59;39.47;5.49;
2025;05;08;60;20.01;4.99;
2025;05;08;61;35.39;9.98;
2025;05;08;62;35.39;5.49;
2025;05;08;63;35.39;4.99;
2025;05;08;64;20.28;5.00;
2025;05;08;65;20.01;3.52;
2025;05;08;66;20.01;3.52;
2025;05;08;67;20.01;4.98;
2025;05;08;68;20.01;5.48;
2025;05;08;69;20.01;5.49;
2025;05;08;70;20.01;10.00;
2025;05;08;71;20.01;20.00;
2025;05;08;72;39.99;39.99;
2025;05;08;73;20.01;.85;
2025;05;08;74;20.01;1.72;
2025;05;08;75;20.01;5.60;
2025;05;08;76;29.80;29.80;
2025;05;08;77;10.00;.90;
2025;05;08;78;10.54;10.54;
2025;05;08;79;26.39;26.39;
2025;05;08;80;45.59;45.59;
2025;05;08;81;10.10;10.10;
2025;05;08;82;27.97;27.97;
2025;05;08;83;40.60;40.60;
2025;05;08;84;55.11;55.11;
2025;05;08;85;82.90;82.90;
2025;05;08;86;84.82;84.82;
2025;05;08;87;84.59;84.59;
2025;05;08;88;82.66;82.66;
2025;05;08;89;75.00;75.00;
2025;05;08;90;75.00;75.00;
2025;05;08;91;59.99;59.99;
2025;05;08;92;49.50;49.50;
2025;05;08;93;43.94;43.94;
2025;05;08;94;35.10;35.10;
2025;05;08;95;26.20;26.20;
2025;05;08;96;20.01;20.01;
*
