MARGINALPIBC;
2025;06;20;1;130.78;130.78;
2025;06;20;2;125.69;125.69;
2025;06;20;3;106.14;106.14;
2025;06;20;4;102.04;102.04;
2025;06;20;5;122.93;122.93;
2025;06;20;6;122.93;122.93;
2025;06;20;7;102.34;102.34;
2025;06;20;8;102.32;102.32;
2025;06;20;9;122.15;122.15;
2025;06;20;10;120.38;120.38;
2025;06;20;11;121.77;121.77;
2025;06;20;12;120.38;120.38;
2025;06;20;13;109.46;109.46;
2025;06;20;14;111.99;111.99;
2025;06;20;15;108.73;108.73;
2025;06;20;16;111.75;111.75;
2025;06;20;17;102.34;102.34;
2025;06;20;18;102.34;102.34;
2025;06;20;19;102.34;102.34;
2025;06;20;20;106.22;106.22;
2025;06;20;21;118.11;118.11;
2025;06;20;22;118.83;118.83;
2025;06;20;23;119.49;119.49;
2025;06;20;24;122.26;122.26;
2025;06;20;25;108.77;108.77;
2025;06;20;26;119.00;119.00;
2025;06;20;27;121.87;121.87;
2025;06;20;28;125.84;125.84;
2025;06;20;29;130.21;130.21;
2025;06;20;30;128.08;128.08;
2025;06;20;31;121.68;121.68;
2025;06;20;32;102.34;102.34;
2025;06;20;33;146.00;146.00;
2025;06;20;34;128.24;128.24;
2025;06;20;35;103.30;103.30;
2025;06;20;36;82.46;82.46;
2025;06;20;37;117.11;117.11;
2025;06;20;38;98.84;98.84;
2025;06;20;39;94.99;94.99;
2025;06;20;40;80.11;80.11;
2025;06;20;41;84.95;84.95;
2025;06;20;42;78.94;78.94;
2025;06;20;43;74.53;74.53;
2025;06;20;44;70.49;70.49;
2025;06;20;45;81.35;81.35;
2025;06;20;46;74.53;74.53;
2025;06;20;47;70.49;70.49;
2025;06;20;48;70.49;70.49;
2025;06;20;49;75.00;75.00;
2025;06;20;50;73.00;73.00;
2025;06;20;51;70.49;70.49;
2025;06;20;52;70.49;70.49;
2025;06;20;53;69.00;69.00;
2025;06;20;54;69.00;69.00;
2025;06;20;55;69.00;69.00;
2025;06;20;56;69.00;69.00;
2025;06;20;57;68.00;68.00;
2025;06;20;58;68.93;68.93;
2025;06;20;59;68.93;68.93;
2025;06;20;60;68.93;68.93;
2025;06;20;61;66.60;66.60;
2025;06;20;62;66.00;66.00;
2025;06;20;63;67.00;67.00;
2025;06;20;64;67.50;67.50;
2025;06;20;65;70.49;70.49;
2025;06;20;66;70.49;70.49;
2025;06;20;67;74.53;74.53;
2025;06;20;68;80.40;80.40;
2025;06;20;69;68.93;68.93;
2025;06;20;70;75.00;75.00;
2025;06;20;71;95.00;95.00;
2025;06;20;72;96.99;96.99;
2025;06;20;73;78.23;78.23;
2025;06;20;74;95.09;95.09;
2025;06;20;75;109.93;109.93;
2025;06;20;76;116.79;116.79;
2025;06;20;77;95.71;95.71;
2025;06;20;78;118.00;118.00;
2025;06;20;79;129.74;129.74;
2025;06;20;80;141.61;141.61;
2025;06;20;81;110.00;110.00;
2025;06;20;82;134.56;134.56;
2025;06;20;83;144.12;144.12;
2025;06;20;84;162.65;162.65;
2025;06;20;85;164.40;164.40;
2025;06;20;86;164.49;164.49;
2025;06;20;87;163.49;163.49;
2025;06;20;88;163.49;163.49;
2025;06;20;89;158.99;158.99;
2025;06;20;90;157.99;157.99;
2025;06;20;91;155.55;155.55;
2025;06;20;92;151.99;151.99;
2025;06;20;93;138.06;138.06;
2025;06;20;94;130.01;130.01;
2025;06;20;95;127.07;127.07;
2025;06;20;96;125.60;125.60;
*
