MARGINALPIBC;
2025;04;28;1;9.13;9.13;
2025;04;28;2;15.00;15.00;
2025;04;28;3;24.63;24.63;
2025;04;28;4;24.64;24.64;
2025;04;28;5;21.30;21.30;
2025;04;28;6;21.30;21.30;
2025;04;28;7;21.30;21.30;
2025;04;28;8;20.13;20.13;
2025;04;28;9;6.04;6.04;
2025;04;28;10;4.00;4.00;
2025;04;28;11;4.00;4.00;
2025;04;28;12;4.00;4.00;
2025;04;28;13;1.38;1.38;
2025;04;28;14;0.65;.65;
2025;04;28;15;0.65;.65;
2025;04;28;16;0.00;.00;
2025;04;28;17;0.60;.60;
2025;04;28;18;0.00;.00;
2025;04;28;19;0.00;.00;
2025;04;28;20;0.00;.00;
2025;04;28;21;0.00;.00;
2025;04;28;22;0.00;.00;
2025;04;28;23;0.66;.66;
2025;04;28;24;4.00;4.00;
2025;04;28;25;18.00;30.00;
2025;04;28;26;18.00;31.46;
2025;04;28;27;18.00;31.46;
2025;04;28;28;12.50;12.50;
2025;04;28;29;30.20;68.13;
2025;04;28;30;38.00;55.00;
2025;04;28;31;38.00;38.00;
2025;04;28;32;15.42;15.42;
2025;04;28;33;33.00;73.00;
2025;04;28;34;31.47;52.95;
2025;04;28;35;15.00;15.00;
2025;04;28;36;0.00;.00;
2025;04;28;37;12.79;12.79;
2025;04;28;38;5.00;5.00;
2025;04;28;39;3.52;3.52;
2025;04;28;40;0.00;.00;
2025;04;28;41;1.72;1.72;
2025;04;28;42;0.66;.66;
2025;04;28;43;0.00;.00;
2025;04;28;44;-10.00;-12.54;
2025;04;28;45;0.00;.00;
2025;04;28;46;0.00;.00;
2025;04;28;47;0.00;.00;
2025;04;28;48;-1.43;-1.43;
2025;04;28;49;0.00;.00;
2025;04;28;50;0.00;.00;
2025;04;28;51;0.00;.00;
2025;04;28;52;0.00;.00;
2025;04;28;53;0.00;-1.00;
2025;04;28;54;0.00;-1.00;
2025;04;28;55;0.00;-1.01;
2025;04;28;56;0.00;-1.25;
2025;04;28;57;0.00;-1.50;
2025;04;28;58;0.00;-1.50;
2025;04;28;59;0.01;-1.01;
2025;04;28;60;0.01;-.01;
2025;04;28;61;0.00;-1.00;
2025;04;28;62;0.01;-1.54;
2025;04;28;63;0.01;-.77;
2025;04;28;64;0.01;.00;
2025;04;28;65;0.01;-19.38;
2025;04;28;66;0.01;-5.87;
2025;04;28;67;0.01;-.15;
2025;04;28;68;0.01;-.01;
2025;04;28;69;0.01;.00;
2025;04;28;70;0.01;.00;
2025;04;28;71;0.01;.00;
2025;04;28;72;0.01;.00;
2025;04;28;73;-1.20;-1.20;
2025;04;28;74;0.00;.00;
2025;04;28;75;0.65;.65;
2025;04;28;76;1.72;1.72;
2025;04;28;77;-5.97;-5.97;
2025;04;28;78;-0.30;-.30;
2025;04;28;79;8.97;8.97;
2025;04;28;80;15.46;15.46;
2025;04;28;81;16.70;16.70;
2025;04;28;82;39.17;39.17;
2025;04;28;83;45.70;45.70;
2025;04;28;84;58.23;58.23;
2025;04;28;85;80.83;85.80;
2025;04;28;86;80.83;85.60;
2025;04;28;87;80.83;82.65;
2025;04;28;88;79.55;79.55;
2025;04;28;89;61.15;61.15;
2025;04;28;90;53.96;53.96;
2025;04;28;91;59.62;59.62;
2025;04;28;92;58.15;58.15;
2025;04;28;93;17.00;17.00;
2025;04;28;94;16.70;16.70;
2025;04;28;95;12.00;12.00;
2025;04;28;96;12.00;12.00;
*
