MARGINALPIBC;
2025;06;05;1;124.73;124.73;
2025;06;05;2;115.28;115.28;
2025;06;05;3;112.09;112.09;
2025;06;05;4;104.58;104.58;
2025;06;05;5;112.28;112.28;
2025;06;05;6;109.50;109.50;
2025;06;05;7;104.74;104.74;
2025;06;05;8;102.44;102.44;
2025;06;05;9;101.24;101.24;
2025;06;05;10;99.52;99.52;
2025;06;05;11;99.74;99.74;
2025;06;05;12;99.52;99.52;
2025;06;05;13;97.53;97.53;
2025;06;05;14;97.28;97.28;
2025;06;05;15;96.82;96.82;
2025;06;05;16;96.74;96.74;
2025;06;05;17;97.97;97.97;
2025;06;05;18;97.97;97.97;
2025;06;05;19;99.15;99.15;
2025;06;05;20;100.00;100.00;
2025;06;05;21;100.47;100.47;
2025;06;05;22;101.29;101.29;
2025;06;05;23;102.44;102.44;
2025;06;05;24;103.63;103.63;
2025;06;05;25;101.37;101.37;
2025;06;05;26;109.90;109.90;
2025;06;05;27;113.57;113.57;
2025;06;05;28;124.54;124.54;
2025;06;05;29;125.24;125.24;
2025;06;05;30;119.90;119.90;
2025;06;05;31;115.28;115.28;
2025;06;05;32;110.24;110.24;
2025;06;05;33;112.28;112.28;
2025;06;05;34;109.44;109.44;
2025;06;05;35;93.99;93.99;
2025;06;05;36;89.63;89.63;
2025;06;05;37;56.91;56.91;
2025;06;05;38;75.10;34.56;
2025;06;05;39;68.14;17.10;
2025;06;05;40;68.14;.00;
2025;06;05;41;34.88;15.00;
2025;06;05;42;34.88;9.90;
2025;06;05;43;45.89;3.52;
2025;06;05;44;70.68;.65;
2025;06;05;45;65.34;3.52;
2025;06;05;46;45.89;1.00;
2025;06;05;47;39.84;.85;
2025;06;05;48;29.59;.66;
2025;06;05;49;30.15;7.79;
2025;06;05;50;30.15;5.99;
2025;06;05;51;30.15;8.49;
2025;06;05;52;30.15;5.49;
2025;06;05;53;30.15;3.52;
2025;06;05;54;30.15;3.52;
2025;06;05;55;30.15;3.52;
2025;06;05;56;25.40;3.52;
2025;06;05;57;20.33;3.52;
2025;06;05;58;10.79;2.00;
2025;06;05;59;10.79;1.72;
2025;06;05;60;6.04;.99;
2025;06;05;61;6.04;3.52;
2025;06;05;62;6.04;3.52;
2025;06;05;63;5.84;3.52;
2025;06;05;64;5.84;3.52;
2025;06;05;65;5.05;3.52;
2025;06;05;66;5.05;3.52;
2025;06;05;67;5.25;5.25;
2025;06;05;68;5.99;5.99;
2025;06;05;69;5.89;5.89;
2025;06;05;70;9.62;9.62;
2025;06;05;71;15.00;15.00;
2025;06;05;72;15.00;15.00;
2025;06;05;73;25.40;3.52;
2025;06;05;74;25.40;9.58;
2025;06;05;75;25.40;18.64;
2025;06;05;76;45.89;37.49;
2025;06;05;77;38.65;.91;
2025;06;05;78;38.65;25.05;
2025;06;05;79;54.03;54.03;
2025;06;05;80;89.95;89.95;
2025;06;05;81;87.80;87.80;
2025;06;05;82;102.74;102.74;
2025;06;05;83;114.75;114.75;
2025;06;05;84;129.73;129.73;
2025;06;05;85;139.34;139.34;
2025;06;05;86;145.02;145.02;
2025;06;05;87;146.00;146.00;
2025;06;05;88;145.02;145.02;
2025;06;05;89;139.60;146.76;
2025;06;05;90;143.03;144.40;
2025;06;05;91;139.60;141.03;
2025;06;05;92;115.41;137.83;
2025;06;05;93;133.24;133.24;
2025;06;05;94;122.33;122.33;
2025;06;05;95;118.24;118.24;
2025;06;05;96;116.27;116.27;
*
