MARGINALPIBC;
2025;07;28;1;71.25;71.25;
2025;07;28;2;62.51;62.51;
2025;07;28;3;40.00;40.00;
2025;07;28;4;35.00;35.00;
2025;07;28;5;56.75;56.75;
2025;07;28;6;55.98;55.98;
2025;07;28;7;47.76;47.76;
2025;07;28;8;34.09;34.09;
2025;07;28;9;50.44;50.44;
2025;07;28;10;50.08;50.08;
2025;07;28;11;34.50;34.50;
2025;07;28;12;31.38;31.38;
2025;07;28;13;29.53;29.53;
2025;07;28;14;27.77;27.77;
2025;07;28;15;27.77;27.77;
2025;07;28;16;22.20;22.20;
2025;07;28;17;28.30;28.30;
2025;07;28;18;28.49;28.49;
2025;07;28;19;28.49;28.49;
2025;07;28;20;28.49;28.49;
2025;07;28;21;29.57;29.57;
2025;07;28;22;37.44;37.44;
2025;07;28;23;44.87;44.87;
2025;07;28;24;49.29;49.29;
2025;07;28;25;37.45;37.45;
2025;07;28;26;49.80;49.80;
2025;07;28;27;50.00;50.00;
2025;07;28;28;50.75;50.75;
2025;07;28;29;50.29;50.29;
2025;07;28;30;57.73;57.73;
2025;07;28;31;55.23;55.23;
2025;07;28;32;44.79;44.79;
2025;07;28;33;86.50;86.50;
2025;07;28;34;70.08;70.08;
2025;07;28;35;39.33;39.33;
2025;07;28;36;24.89;24.89;
2025;07;28;37;54.29;54.29;
2025;07;28;38;49.80;49.80;
2025;07;28;39;0.00;.00;
2025;07;28;40;-2.10;-2.10;
2025;07;28;41;53.53;53.53;
2025;07;28;42;42.58;42.58;
2025;07;28;43;16.07;16.07;
2025;07;28;44;6.37;6.37;
2025;07;28;45;14.02;14.02;
2025;07;28;46;10.69;10.69;
2025;07;28;47;6.00;6.00;
2025;07;28;48;5.11;5.11;
2025;07;28;49;5.11;5.11;
2025;07;28;50;5.11;5.11;
2025;07;28;51;5.11;5.11;
2025;07;28;52;5.00;5.00;
2025;07;28;53;5.11;5.11;
2025;07;28;54;5.11;5.11;
2025;07;28;55;5.11;5.11;
2025;07;28;56;4.31;4.31;
2025;07;28;57;5.00;5.00;
2025;07;28;58;5.00;5.00;
2025;07;28;59;5.11;5.11;
2025;07;28;60;5.00;5.00;
2025;07;28;61;4.31;4.31;
2025;07;28;62;4.31;4.31;
2025;07;28;63;3.53;3.53;
2025;07;28;64;4.31;4.31;
2025;07;28;65;0.65;.65;
2025;07;28;66;0.65;.65;
2025;07;28;67;1.72;1.72;
2025;07;28;68;1.72;1.72;
2025;07;28;69;-0.89;-.89;
2025;07;28;70;1.55;1.55;
2025;07;28;71;4.31;4.31;
2025;07;28;72;5.11;5.11;
2025;07;28;73;-1.98;-1.98;
2025;07;28;74;0.00;.00;
2025;07;28;75;5.11;5.11;
2025;07;28;76;9.02;9.02;
2025;07;28;77;0.00;-2.10;
2025;07;28;78;0.00;.00;
2025;07;28;79;26.80;26.80;
2025;07;28;80;67.54;67.54;
2025;07;28;81;2.78;2.78;
2025;07;28;82;54.00;54.00;
2025;07;28;83;67.19;67.19;
2025;07;28;84;81.86;81.86;
2025;07;28;85;75.82;75.82;
2025;07;28;86;80.98;80.98;
2025;07;28;87;82.48;82.48;
2025;07;28;88;80.34;80.34;
2025;07;28;89;89.00;89.00;
2025;07;28;90;88.70;88.70;
2025;07;28;91;88.93;88.93;
2025;07;28;92;84.05;84.05;
2025;07;28;93;76.41;76.41;
2025;07;28;94;69.57;69.57;
2025;07;28;95;69.22;69.22;
2025;07;28;96;65.00;65.00;
*
