MARGINALPIBC;
2025;07;18;1;116.45;116.45;
2025;07;18;2;114.00;114.00;
2025;07;18;3;114.00;114.00;
2025;07;18;4;96.99;96.99;
2025;07;18;5;112.61;112.61;
2025;07;18;6;112.01;112.01;
2025;07;18;7;107.61;107.61;
2025;07;18;8;96.99;96.99;
2025;07;18;9;102.22;102.22;
2025;07;18;10;99.35;99.35;
2025;07;18;11;94.98;94.98;
2025;07;18;12;85.78;85.78;
2025;07;18;13;98.78;98.78;
2025;07;18;14;97.42;97.42;
2025;07;18;15;94.01;94.01;
2025;07;18;16;94.01;94.01;
2025;07;18;17;86.25;86.25;
2025;07;18;18;96.26;96.26;
2025;07;18;19;94.01;94.01;
2025;07;18;20;99.00;99.00;
2025;07;18;21;94.01;94.01;
2025;07;18;22;94.01;94.01;
2025;07;18;23;100.35;100.35;
2025;07;18;24;105.87;105.87;
2025;07;18;25;89.99;89.99;
2025;07;18;26;97.14;97.14;
2025;07;18;27;113.65;113.65;
2025;07;18;28;117.93;117.93;
2025;07;18;29;128.80;128.80;
2025;07;18;30;128.80;128.80;
2025;07;18;31;120.00;120.00;
2025;07;18;32;114.50;114.50;
2025;07;18;33;131.74;131.74;
2025;07;18;34;114.39;114.39;
2025;07;18;35;95.98;95.98;
2025;07;18;36;70.00;70.00;
2025;07;18;37;91.62;91.62;
2025;07;18;38;80.60;80.60;
2025;07;18;39;77.04;77.04;
2025;07;18;40;58.90;58.90;
2025;07;18;41;80.00;80.00;
2025;07;18;42;80.00;80.00;
2025;07;18;43;75.99;75.99;
2025;07;18;44;69.17;69.17;
2025;07;18;45;80.08;80.08;
2025;07;18;46;78.07;78.07;
2025;07;18;47;76.24;76.24;
2025;07;18;48;70.01;70.01;
2025;07;18;49;84.11;84.11;
2025;07;18;50;77.00;77.00;
2025;07;18;51;74.20;74.20;
2025;07;18;52;71.79;71.79;
2025;07;18;53;77.43;77.43;
2025;07;18;54;72.01;72.01;
2025;07;18;55;70.02;68.34;
2025;07;18;56;70.02;68.02;
2025;07;18;57;70.20;70.20;
2025;07;18;58;69.86;69.86;
2025;07;18;59;68.20;68.20;
2025;07;18;60;68.15;68.15;
2025;07;18;61;72.01;68.72;
2025;07;18;62;72.01;67.52;
2025;07;18;63;72.01;72.01;
2025;07;18;64;77.68;77.68;
2025;07;18;65;73.80;68.80;
2025;07;18;66;73.80;71.81;
2025;07;18;67;79.00;79.00;
2025;07;18;68;80.09;80.09;
2025;07;18;69;73.38;73.00;
2025;07;18;70;80.08;80.08;
2025;07;18;71;87.86;87.86;
2025;07;18;72;89.56;89.56;
2025;07;18;73;78.63;78.63;
2025;07;18;74;82.80;82.80;
2025;07;18;75;88.17;88.17;
2025;07;18;76;95.96;95.96;
2025;07;18;77;70.01;61.88;
2025;07;18;78;73.38;73.38;
2025;07;18;79;88.92;88.92;
2025;07;18;80;113.54;113.54;
2025;07;18;81;75.88;75.88;
2025;07;18;82;101.20;101.20;
2025;07;18;83;110.00;110.00;
2025;07;18;84;120.50;120.50;
2025;07;18;85;109.84;109.84;
2025;07;18;86;111.56;111.56;
2025;07;18;87;113.29;113.29;
2025;07;18;88;113.31;113.31;
2025;07;18;89;114.19;114.19;
2025;07;18;90;114.15;114.15;
2025;07;18;91;113.79;113.79;
2025;07;18;92;107.89;107.89;
2025;07;18;93;109.89;109.89;
2025;07;18;94;106.65;106.65;
2025;07;18;95;102.72;102.72;
2025;07;18;96;95.00;95.00;
*
