MARGINALPIBC;
2025;05;27;1;60.70;60.70;
2025;05;27;2;49.90;49.90;
2025;05;27;3;30.01;30.01;
2025;05;27;4;18.75;18.75;
2025;05;27;5;42.02;42.02;
2025;05;27;6;29.49;29.49;
2025;05;27;7;22.10;22.10;
2025;05;27;8;15.50;15.50;
2025;05;27;9;38.50;38.50;
2025;05;27;10;23.80;23.80;
2025;05;27;11;13.60;13.60;
2025;05;27;12;13.30;13.30;
2025;05;27;13;20.00;20.00;
2025;05;27;14;13.60;13.60;
2025;05;27;15;13.30;13.30;
2025;05;27;16;13.10;13.10;
2025;05;27;17;13.60;13.60;
2025;05;27;18;13.60;13.60;
2025;05;27;19;13.60;13.60;
2025;05;27;20;15.34;15.34;
2025;05;27;21;13.30;13.30;
2025;05;27;22;13.60;13.60;
2025;05;27;23;13.60;13.60;
2025;05;27;24;27.95;27.95;
2025;05;27;25;15.50;15.50;
2025;05;27;26;17.00;17.00;
2025;05;27;27;33.44;33.44;
2025;05;27;28;39.14;39.14;
2025;05;27;29;36.51;36.51;
2025;05;27;30;37.53;37.53;
2025;05;27;31;38.92;38.92;
2025;05;27;32;25.56;25.56;
2025;05;27;33;49.90;49.90;
2025;05;27;34;33.00;33.00;
2025;05;27;35;13.60;13.60;
2025;05;27;36;5.60;5.60;
2025;05;27;37;39.14;39.14;
2025;05;27;38;30.30;30.30;
2025;05;27;39;24.11;7.30;
2025;05;27;40;30.31;-2.13;
2025;05;27;41;29.90;10.53;
2025;05;27;42;29.90;10.03;
2025;05;27;43;15.58;-.53;
2025;05;27;44;29.90;-2.15;
2025;05;27;45;15.37;13.79;
2025;05;27;46;13.60;4.36;
2025;05;27;47;13.60;.65;
2025;05;27;48;13.60;.00;
2025;05;27;49;9.51;.00;
2025;05;27;50;13.51;.00;
2025;05;27;51;13.51;.00;
2025;05;27;52;9.51;.00;
2025;05;27;53;13.51;.00;
2025;05;27;54;13.51;-.01;
2025;05;27;55;9.51;-1.11;
2025;05;27;56;9.51;-1.11;
2025;05;27;57;13.51;-1.11;
2025;05;27;58;11.45;-2.67;
2025;05;27;59;9.51;-3.64;
2025;05;27;60;9.51;-5.50;
2025;05;27;61;9.51;-2.11;
2025;05;27;62;9.51;.00;
2025;05;27;63;9.51;-.01;
2025;05;27;64;9.51;-.01;
2025;05;27;65;9.51;-1.01;
2025;05;27;66;9.51;-.01;
2025;05;27;67;9.51;-.01;
2025;05;27;68;9.51;.00;
2025;05;27;69;9.51;.85;
2025;05;27;70;9.51;3.00;
2025;05;27;71;9.51;1.80;
2025;05;27;72;14.51;3.52;
2025;05;27;73;14.50;14.50;
2025;05;27;74;14.60;14.60;
2025;05;27;75;29.18;29.18;
2025;05;27;76;39.90;39.90;
2025;05;27;77;7.10;-6.13;
2025;05;27;78;12.90;4.00;
2025;05;27;79;22.51;22.51;
2025;05;27;80;49.90;49.90;
2025;05;27;81;12.56;12.56;
2025;05;27;82;33.69;33.69;
2025;05;27;83;55.06;55.06;
2025;05;27;84;49.90;79.56;
2025;05;27;85;23.50;100.00;
2025;05;27;86;22.60;103.38;
2025;05;27;87;22.60;103.38;
2025;05;27;88;22.60;93.04;
2025;05;27;89;23.50;100.58;
2025;05;27;90;23.50;95.38;
2025;05;27;91;23.50;89.74;
2025;05;27;92;23.50;76.91;
2025;05;27;93;70.31;86.01;
2025;05;27;94;23.50;71.63;
2025;05;27;95;67.78;67.78;
2025;05;27;96;57.31;57.31;
*
