MARGINALPIBC;
2025;04;22;1;86.91;86.91;
2025;04;22;2;87.56;87.56;
2025;04;22;3;83.94;83.94;
2025;04;22;4;62.00;62.00;
2025;04;22;5;79.35;79.35;
2025;04;22;6;77.05;77.05;
2025;04;22;7;74.80;74.80;
2025;04;22;8;55.05;55.05;
2025;04;22;9;72.73;72.73;
2025;04;22;10;71.73;71.73;
2025;04;22;11;66.73;66.73;
2025;04;22;12;47.21;47.21;
2025;04;22;13;71.41;71.41;
2025;04;22;14;71.41;71.41;
2025;04;22;15;69.49;69.49;
2025;04;22;16;54.91;54.91;
2025;04;22;17;74.06;74.06;
2025;04;22;18;74.06;74.06;
2025;04;22;19;74.06;74.06;
2025;04;22;20;74.06;74.06;
2025;04;22;21;54.36;54.36;
2025;04;22;22;63.00;63.00;
2025;04;22;23;69.30;69.30;
2025;04;22;24;69.30;69.30;
2025;04;22;25;64.42;64.42;
2025;04;22;26;79.10;79.10;
2025;04;22;27;74.95;74.95;
2025;04;22;28;85.10;85.10;
2025;04;22;29;98.51;104.62;
2025;04;22;30;117.62;117.62;
2025;04;22;31;119.20;123.88;
2025;04;22;32;122.28;122.28;
2025;04;22;33;107.61;151.60;
2025;04;22;34;135.40;136.60;
2025;04;22;35;116.46;116.46;
2025;04;22;36;96.11;96.11;
2025;04;22;37;96.04;96.04;
2025;04;22;38;90.00;90.00;
2025;04;22;39;70.98;70.98;
2025;04;22;40;26.91;26.91;
2025;04;22;41;80.20;80.20;
2025;04;22;42;66.70;66.70;
2025;04;22;43;59.20;59.20;
2025;04;22;44;19.70;19.70;
2025;04;22;45;44.00;44.00;
2025;04;22;46;34.50;34.50;
2025;04;22;47;20.47;20.47;
2025;04;22;48;10.00;10.00;
2025;04;22;49;25.00;25.00;
2025;04;22;50;25.50;25.50;
2025;04;22;51;29.00;29.00;
2025;04;22;52;29.00;29.00;
2025;04;22;53;25.87;25.87;
2025;04;22;54;25.37;25.37;
2025;04;22;55;25.00;25.00;
2025;04;22;56;25.37;25.37;
2025;04;22;57;19.99;19.99;
2025;04;22;58;16.10;16.10;
2025;04;22;59;15.99;15.99;
2025;04;22;60;15.00;15.00;
2025;04;22;61;10.61;10.61;
2025;04;22;62;10.11;10.11;
2025;04;22;63;10.11;10.11;
2025;04;22;64;10.11;10.11;
2025;04;22;65;5.31;5.31;
2025;04;22;66;5.76;5.76;
2025;04;22;67;6.31;6.31;
2025;04;22;68;8.52;8.52;
2025;04;22;69;12.50;12.50;
2025;04;22;70;14.00;14.00;
2025;04;22;71;15.00;15.00;
2025;04;22;72;30.79;30.79;
2025;04;22;73;22.80;22.80;
2025;04;22;74;30.20;30.20;
2025;04;22;75;38.90;38.90;
2025;04;22;76;39.80;39.80;
2025;04;22;77;5.50;5.50;
2025;04;22;78;31.02;31.02;
2025;04;22;79;63.30;63.30;
2025;04;22;80;73.00;73.00;
2025;04;22;81;80.81;80.81;
2025;04;22;82;85.99;85.99;
2025;04;22;83;103.29;103.29;
2025;04;22;84;109.99;109.99;
2025;04;22;85;125.04;139.21;
2025;04;22;86;125.04;129.01;
2025;04;22;87;117.04;130.04;
2025;04;22;88;114.54;114.54;
2025;04;22;89;102.02;102.02;
2025;04;22;90;93.03;93.03;
2025;04;22;91;102.03;102.03;
2025;04;22;92;99.00;99.00;
2025;04;22;93;70.81;86.00;
2025;04;22;94;19.21;83.60;
2025;04;22;95;19.21;83.53;
2025;04;22;96;19.21;82.81;
*
