MARGINALPIBC;
2025;07;13;1;132.30;132.30;
2025;07;13;2;129.36;129.36;
2025;07;13;3;120.16;120.16;
2025;07;13;4;119.36;119.36;
2025;07;13;5;121.82;121.82;
2025;07;13;6;118.06;118.06;
2025;07;13;7;117.56;117.56;
2025;07;13;8;116.56;116.56;
2025;07;13;9;122.90;122.90;
2025;07;13;10;121.93;121.93;
2025;07;13;11;116.39;116.39;
2025;07;13;12;115.11;115.11;
2025;07;13;13;117.99;117.99;
2025;07;13;14;117.80;117.80;
2025;07;13;15;114.99;114.99;
2025;07;13;16;114.99;114.99;
2025;07;13;17;112.67;112.67;
2025;07;13;18;112.48;112.48;
2025;07;13;19;113.67;113.67;
2025;07;13;20;112.67;112.67;
2025;07;13;21;110.64;110.64;
2025;07;13;22;109.64;109.64;
2025;07;13;23;109.58;109.58;
2025;07;13;24;108.64;108.64;
2025;07;13;25;110.64;110.64;
2025;07;13;26;110.95;110.95;
2025;07;13;27;110.64;110.64;
2025;07;13;28;109.58;109.58;
2025;07;13;29;97.29;97.29;
2025;07;13;30;94.00;94.00;
2025;07;13;31;91.00;91.00;
2025;07;13;32;77.40;77.40;
2025;07;13;33;100.00;100.00;
2025;07;13;34;84.90;84.90;
2025;07;13;35;45.20;45.20;
2025;07;13;36;10.00;10.00;
2025;07;13;37;34.35;34.35;
2025;07;13;38;3.83;3.83;
2025;07;13;39;2.00;2.00;
2025;07;13;40;0.50;.50;
2025;07;13;41;3.83;3.83;
2025;07;13;42;0.00;.00;
2025;07;13;43;-0.46;-.46;
2025;07;13;44;-5.60;-5.60;
2025;07;13;45;1.57;.65;
2025;07;13;46;1.57;-1.00;
2025;07;13;47;0.10;-2.26;
2025;07;13;48;0.10;-5.83;
2025;07;13;49;1.52;-5.50;
2025;07;13;50;0.15;-9.57;
2025;07;13;51;0.15;-5.83;
2025;07;13;52;0.05;-8.53;
2025;07;13;53;1.00;-3.96;
2025;07;13;54;0.05;-5.00;
2025;07;13;55;0.00;-11.11;
2025;07;13;56;0.00;-13.76;
2025;07;13;57;0.05;-11.63;
2025;07;13;58;0.00;-10.62;
2025;07;13;59;0.00;-5.83;
2025;07;13;60;0.00;-13.50;
2025;07;13;61;0.05;-8.94;
2025;07;13;62;0.05;-5.83;
2025;07;13;63;0.00;-5.00;
2025;07;13;64;0.00;-8.96;
2025;07;13;65;0.00;-20.00;
2025;07;13;66;0.00;-14.90;
2025;07;13;67;0.00;-5.83;
2025;07;13;68;0.00;-1.00;
2025;07;13;69;-0.05;-14.00;
2025;07;13;70;0.00;-11.20;
2025;07;13;71;0.00;-5.83;
2025;07;13;72;0.00;-.90;
2025;07;13;73;-0.35;-5.83;
2025;07;13;74;-0.05;-.05;
2025;07;13;75;10.00;10.00;
2025;07;13;76;35.89;35.89;
2025;07;13;77;8.87;8.87;
2025;07;13;78;53.37;53.37;
2025;07;13;79;67.94;67.94;
2025;07;13;80;90.22;90.22;
2025;07;13;81;54.54;54.54;
2025;07;13;82;95.89;95.89;
2025;07;13;83;114.03;114.03;
2025;07;13;84;129.36;129.36;
2025;07;13;85;112.05;112.05;
2025;07;13;86;118.69;118.69;
2025;07;13;87;123.67;123.67;
2025;07;13;88;124.50;124.50;
2025;07;13;89;133.62;133.62;
2025;07;13;90;134.12;134.12;
2025;07;13;91;131.93;131.93;
2025;07;13;92;128.34;128.34;
2025;07;13;93;123.74;123.74;
2025;07;13;94;121.74;121.74;
2025;07;13;95;116.06;116.06;
2025;07;13;96;109.57;109.57;
*
