MARGINALPIBC;
2025;07;27;1;81.97;81.97;
2025;07;27;2;77.17;77.17;
2025;07;27;3;66.75;66.75;
2025;07;27;4;57.24;57.24;
2025;07;27;5;78.17;78.17;
2025;07;27;6;78.94;78.94;
2025;07;27;7;61.67;61.67;
2025;07;27;8;59.67;59.67;
2025;07;27;9;78.50;78.50;
2025;07;27;10;80.00;80.00;
2025;07;27;11;78.94;78.94;
2025;07;27;12;78.94;78.94;
2025;07;27;13;80.97;80.97;
2025;07;27;14;81.42;81.42;
2025;07;27;15;81.42;81.42;
2025;07;27;16;80.97;80.97;
2025;07;27;17;67.54;67.54;
2025;07;27;18;62.04;62.04;
2025;07;27;19;60.00;60.00;
2025;07;27;20;60.00;60.00;
2025;07;27;21;56.16;56.16;
2025;07;27;22;61.78;61.78;
2025;07;27;23;62.96;62.96;
2025;07;27;24;67.54;67.54;
2025;07;27;25;69.64;69.64;
2025;07;27;26;74.19;74.19;
2025;07;27;27;78.76;78.76;
2025;07;27;28;69.64;69.64;
2025;07;27;29;60.87;60.87;
2025;07;27;30;50.68;50.68;
2025;07;27;31;42.12;42.12;
2025;07;27;32;28.49;28.49;
2025;07;27;33;79.91;79.91;
2025;07;27;34;69.64;69.64;
2025;07;27;35;50.20;50.20;
2025;07;27;36;19.19;19.19;
2025;07;27;37;8.69;8.69;
2025;07;27;38;3.50;.00;
2025;07;27;39;4.31;-5.00;
2025;07;27;40;3.51;-14.00;
2025;07;27;41;0.02;.00;
2025;07;27;42;0.02;-.20;
2025;07;27;43;0.02;-1.00;
2025;07;27;44;0.02;-2.10;
2025;07;27;45;0.01;-.20;
2025;07;27;46;-0.01;-2.10;
2025;07;27;47;-0.01;-2.10;
2025;07;27;48;-0.03;-1.00;
2025;07;27;49;0.01;-2.10;
2025;07;27;50;-0.01;-2.10;
2025;07;27;51;-0.01;-2.10;
2025;07;27;52;-0.01;-2.10;
2025;07;27;53;0.01;-1.01;
2025;07;27;54;0.01;-2.10;
2025;07;27;55;-0.01;-2.10;
2025;07;27;56;-0.82;-2.10;
2025;07;27;57;-0.82;-2.10;
2025;07;27;58;-0.82;-2.10;
2025;07;27;59;-2.10;-2.10;
2025;07;27;60;-2.52;-2.52;
2025;07;27;61;-0.82;-3.00;
2025;07;27;62;-0.82;-3.01;
2025;07;27;63;-3.75;-3.75;
2025;07;27;64;-3.75;-3.75;
2025;07;27;65;-0.82;-3.75;
2025;07;27;66;-0.82;-4.40;
2025;07;27;67;-0.82;-3.75;
2025;07;27;68;-3.75;-3.75;
2025;07;27;69;-0.82;-5.00;
2025;07;27;70;-0.82;-5.00;
2025;07;27;71;-0.82;-5.00;
2025;07;27;72;-0.82;-3.75;
2025;07;27;73;-0.82;-20.00;
2025;07;27;74;0.00;-15.00;
2025;07;27;75;0.02;-10.00;
2025;07;27;76;0.02;-5.00;
2025;07;27;77;-0.82;-19.49;
2025;07;27;78;4.00;-7.50;
2025;07;27;79;7.35;7.35;
2025;07;27;80;15.14;15.14;
2025;07;27;81;7.17;7.17;
2025;07;27;82;27.93;27.93;
2025;07;27;83;49.90;49.90;
2025;07;27;84;60.00;60.00;
2025;07;27;85;53.29;53.29;
2025;07;27;86;68.94;68.94;
2025;07;27;87;77.84;77.84;
2025;07;27;88;73.51;73.51;
2025;07;27;89;88.12;88.12;
2025;07;27;90;86.64;86.64;
2025;07;27;91;88.64;88.64;
2025;07;27;92;82.26;82.26;
2025;07;27;93;80.40;80.40;
2025;07;27;94;73.64;73.64;
2025;07;27;95;70.00;70.00;
2025;07;27;96;55.72;55.72;
*
