MARGINALPIBC;
2025;07;02;1;145.00;145.00;
2025;07;02;2;132.75;132.75;
2025;07;02;3;130.14;130.14;
2025;07;02;4;122.14;122.14;
2025;07;02;5;126.00;126.00;
2025;07;02;6;125.00;125.00;
2025;07;02;7;120.00;120.00;
2025;07;02;8;119.99;119.99;
2025;07;02;9;117.13;117.13;
2025;07;02;10;117.74;117.74;
2025;07;02;11;117.13;117.13;
2025;07;02;12;116.66;116.66;
2025;07;02;13;116.66;116.66;
2025;07;02;14;116.66;116.66;
2025;07;02;15;116.64;116.64;
2025;07;02;16;116.16;116.16;
2025;07;02;17;115.99;115.99;
2025;07;02;18;114.50;114.50;
2025;07;02;19;113.93;113.93;
2025;07;02;20;114.65;114.65;
2025;07;02;21;112.40;112.40;
2025;07;02;22;112.91;112.91;
2025;07;02;23;112.92;112.92;
2025;07;02;24;116.66;116.66;
2025;07;02;25;110.50;110.50;
2025;07;02;26;113.83;113.83;
2025;07;02;27;115.69;115.69;
2025;07;02;28;116.66;116.66;
2025;07;02;29;125.55;125.55;
2025;07;02;30;122.57;122.57;
2025;07;02;31;116.66;116.66;
2025;07;02;32;109.67;109.67;
2025;07;02;33;133.36;133.36;
2025;07;02;34;126.45;126.45;
2025;07;02;35;110.45;110.45;
2025;07;02;36;79.99;79.99;
2025;07;02;37;112.74;112.74;
2025;07;02;38;100.28;100.28;
2025;07;02;39;91.91;91.91;
2025;07;02;40;79.99;79.99;
2025;07;02;41;94.06;94.06;
2025;07;02;42;85.20;85.20;
2025;07;02;43;80.22;80.22;
2025;07;02;44;79.99;79.99;
2025;07;02;45;85.20;85.20;
2025;07;02;46;79.93;79.93;
2025;07;02;47;76.39;76.39;
2025;07;02;48;75.22;64.93;
2025;07;02;49;73.99;73.08;
2025;07;02;50;73.99;70.14;
2025;07;02;51;73.64;71.68;
2025;07;02;52;73.64;73.14;
2025;07;02;53;73.99;68.14;
2025;07;02;54;73.64;66.65;
2025;07;02;55;73.64;67.72;
2025;07;02;56;73.64;68.14;
2025;07;02;57;70.64;70.64;
2025;07;02;58;70.00;68.14;
2025;07;02;59;73.99;67.11;
2025;07;02;60;75.00;63.58;
2025;07;02;61;74.57;71.57;
2025;07;02;62;73.99;69.58;
2025;07;02;63;74.57;74.57;
2025;07;02;64;79.56;79.56;
2025;07;02;65;71.24;71.24;
2025;07;02;66;77.94;77.94;
2025;07;02;67;82.20;82.20;
2025;07;02;68;82.20;82.20;
2025;07;02;69;77.50;77.50;
2025;07;02;70;82.20;82.20;
2025;07;02;71;82.20;82.20;
2025;07;02;72;82.20;82.20;
2025;07;02;73;83.68;82.22;
2025;07;02;74;83.68;83.68;
2025;07;02;75;83.85;83.85;
2025;07;02;76;87.58;87.58;
2025;07;02;77;66.66;59.00;
2025;07;02;78;75.22;75.22;
2025;07;02;79;101.33;101.33;
2025;07;02;80;112.04;112.04;
2025;07;02;81;79.97;79.97;
2025;07;02;82;110.66;110.66;
2025;07;02;83;123.87;123.87;
2025;07;02;84;127.92;127.92;
2025;07;02;85;126.15;126.15;
2025;07;02;86;129.94;129.94;
2025;07;02;87;128.61;128.61;
2025;07;02;88;128.21;128.21;
2025;07;02;89;128.09;128.09;
2025;07;02;90;125.55;125.55;
2025;07;02;91;125.55;125.55;
2025;07;02;92;119.99;119.99;
2025;07;02;93;115.25;115.25;
2025;07;02;94;114.00;114.00;
2025;07;02;95;105.41;105.41;
2025;07;02;96;99.22;99.22;
*
