MARGINALPIBC;
2025;06;26;1;134.95;134.95;
2025;06;26;2;122.46;122.46;
2025;06;26;3;98.95;98.95;
2025;06;26;4;89.49;89.49;
2025;06;26;5;110.10;110.10;
2025;06;26;6;102.43;102.43;
2025;06;26;7;96.43;96.43;
2025;06;26;8;92.47;92.47;
2025;06;26;9;106.03;106.03;
2025;06;26;10;100.40;100.40;
2025;06;26;11;97.01;97.01;
2025;06;26;12;92.00;92.00;
2025;06;26;13;91.08;91.08;
2025;06;26;14;89.00;89.00;
2025;06;26;15;89.00;89.00;
2025;06;26;16;89.00;89.00;
2025;06;26;17;89.00;89.00;
2025;06;26;18;89.00;89.00;
2025;06;26;19;89.00;89.00;
2025;06;26;20;89.00;89.00;
2025;06;26;21;88.80;88.80;
2025;06;26;22;89.00;89.00;
2025;06;26;23;89.00;89.00;
2025;06;26;24;93.96;93.96;
2025;06;26;25;89.00;89.00;
2025;06;26;26;98.97;98.97;
2025;06;26;27;110.10;110.10;
2025;06;26;28;117.98;117.98;
2025;06;26;29;120.56;120.56;
2025;06;26;30;121.50;121.50;
2025;06;26;31;121.74;121.74;
2025;06;26;32;110.10;110.10;
2025;06;26;33;122.46;122.46;
2025;06;26;34;110.10;110.10;
2025;06;26;35;94.80;94.80;
2025;06;26;36;86.37;86.37;
2025;06;26;37;96.00;96.00;
2025;06;26;38;70.20;70.20;
2025;06;26;39;65.50;65.50;
2025;06;26;40;45.00;45.00;
2025;06;26;41;51.74;51.74;
2025;06;26;42;51.74;51.74;
2025;06;26;43;50.24;50.24;
2025;06;26;44;50.24;50.24;
2025;06;26;45;63.70;63.70;
2025;06;26;46;60.20;60.20;
2025;06;26;47;58.00;56.55;
2025;06;26;48;58.00;56.55;
2025;06;26;49;60.09;60.09;
2025;06;26;50;57.70;57.70;
2025;06;26;51;59.14;59.14;
2025;06;26;52;58.55;58.55;
2025;06;26;53;45.65;45.65;
2025;06;26;54;46.34;46.34;
2025;06;26;55;47.70;47.70;
2025;06;26;56;50.54;50.54;
2025;06;26;57;34.90;34.90;
2025;06;26;58;37.39;37.39;
2025;06;26;59;37.39;37.39;
2025;06;26;60;37.39;37.39;
2025;06;26;61;36.20;36.20;
2025;06;26;62;36.20;36.20;
2025;06;26;63;36.90;36.90;
2025;06;26;64;37.70;37.70;
2025;06;26;65;38.09;38.09;
2025;06;26;66;39.89;39.89;
2025;06;26;67;40.59;40.59;
2025;06;26;68;40.59;40.59;
2025;06;26;69;53.22;53.22;
2025;06;26;70;54.13;54.13;
2025;06;26;71;61.68;61.68;
2025;06;26;72;65.04;65.04;
2025;06;26;73;61.08;61.08;
2025;06;26;74;65.50;65.50;
2025;06;26;75;75.09;75.09;
2025;06;26;76;84.09;84.09;
2025;06;26;77;77.81;77.81;
2025;06;26;78;88.00;88.00;
2025;06;26;79;101.81;101.81;
2025;06;26;80;112.70;112.70;
2025;06;26;81;92.00;92.00;
2025;06;26;82;106.50;106.50;
2025;06;26;83;119.33;119.33;
2025;06;26;84;131.10;131.10;
2025;06;26;85;143.66;143.66;
2025;06;26;86;154.74;154.74;
2025;06;26;87;157.62;157.62;
2025;06;26;88;157.62;157.62;
2025;06;26;89;155.01;155.01;
2025;06;26;90;151.34;151.34;
2025;06;26;91;142.00;142.00;
2025;06;26;92;141.30;141.30;
2025;06;26;93;131.75;131.75;
2025;06;26;94;124.77;124.77;
2025;06;26;95;118.77;118.77;
2025;06;26;96;110.19;110.19;
*
