MARGINALPIBC;
2025;05;13;1;67.00;67.00;
2025;05;13;2;60.58;60.58;
2025;05;13;3;47.00;47.00;
2025;05;13;4;26.02;26.02;
2025;05;13;5;45.01;45.01;
2025;05;13;6;40.25;40.25;
2025;05;13;7;37.59;37.59;
2025;05;13;8;30.00;30.00;
2025;05;13;9;36.25;36.25;
2025;05;13;10;30.00;30.00;
2025;05;13;11;30.00;30.00;
2025;05;13;12;22.90;22.90;
2025;05;13;13;29.80;29.80;
2025;05;13;14;22.90;22.90;
2025;05;13;15;20.40;20.40;
2025;05;13;16;22.30;22.30;
2025;05;13;17;23.70;23.70;
2025;05;13;18;20.01;20.01;
2025;05;13;19;26.51;26.51;
2025;05;13;20;31.76;31.76;
2025;05;13;21;24.30;24.30;
2025;05;13;22;30.00;30.00;
2025;05;13;23;39.79;39.79;
2025;05;13;24;46.88;46.88;
2025;05;13;25;43.00;43.00;
2025;05;13;26;50.00;50.00;
2025;05;13;27;70.00;70.00;
2025;05;13;28;73.00;79.20;
2025;05;13;29;91.88;91.88;
2025;05;13;30;94.03;94.03;
2025;05;13;31;90.00;90.00;
2025;05;13;32;88.09;88.09;
2025;05;13;33;92.06;92.06;
2025;05;13;34;85.94;85.94;
2025;05;13;35;68.27;68.27;
2025;05;13;36;25.90;25.90;
2025;05;13;37;47.94;47.94;
2025;05;13;38;36.08;36.08;
2025;05;13;39;35.90;10.58;
2025;05;13;40;35.90;-3.00;
2025;05;13;41;35.90;23.50;
2025;05;13;42;35.90;23.30;
2025;05;13;43;35.90;.65;
2025;05;13;44;28.51;-8.80;
2025;05;13;45;35.90;10.00;
2025;05;13;46;35.90;.00;
2025;05;13;47;35.90;-4.50;
2025;05;13;48;11.90;-15.00;
2025;05;13;49;32.87;.00;
2025;05;13;50;32.87;-.12;
2025;05;13;51;31.56;-3.00;
2025;05;13;52;31.56;-5.50;
2025;05;13;53;30.86;-1.54;
2025;05;13;54;30.36;-1.54;
2025;05;13;55;25.36;-1.54;
2025;05;13;56;20.36;-1.54;
2025;05;13;57;35.90;-.70;
2025;05;13;58;35.90;-1.01;
2025;05;13;59;35.90;-1.43;
2025;05;13;60;35.90;.00;
2025;05;13;61;25.30;-4.71;
2025;05;13;62;25.30;.00;
2025;05;13;63;20.30;.01;
2025;05;13;64;19.80;.65;
2025;05;13;65;25.09;-10.00;
2025;05;13;66;16.40;-5.09;
2025;05;13;67;11.90;.00;
2025;05;13;68;11.90;.65;
2025;05;13;69;15.09;.65;
2025;05;13;70;15.09;3.52;
2025;05;13;71;15.09;6.15;
2025;05;13;72;19.59;19.59;
2025;05;13;73;11.90;11.90;
2025;05;13;74;14.70;14.70;
2025;05;13;75;30.20;30.20;
2025;05;13;76;30.20;30.20;
2025;05;13;77;0.80;.80;
2025;05;13;78;9.40;9.40;
2025;05;13;79;24.00;24.00;
2025;05;13;80;49.90;49.90;
2025;05;13;81;25.90;25.90;
2025;05;13;82;58.78;76.67;
2025;05;13;83;87.67;87.67;
2025;05;13;84;92.68;98.78;
2025;05;13;85;99.57;99.57;
2025;05;13;86;110.00;110.00;
2025;05;13;87;113.07;113.07;
2025;05;13;88;98.17;98.17;
2025;05;13;89;107.30;107.30;
2025;05;13;90;101.85;101.85;
2025;05;13;91;97.30;100.30;
2025;05;13;92;75.47;93.99;
2025;05;13;93;59.55;90.47;
2025;05;13;94;69.55;84.30;
2025;05;13;95;69.55;73.30;
2025;05;13;96;43.37;67.09;
*
