MARGINALPIBC;
2025;06;27;1;127.58;127.58;
2025;06;27;2;121.98;121.98;
2025;06;27;3;115.98;115.98;
2025;06;27;4;105.98;105.98;
2025;06;27;5;125.50;125.50;
2025;06;27;6;125.50;125.50;
2025;06;27;7;121.46;121.46;
2025;06;27;8;117.30;117.30;
2025;06;27;9;111.38;111.38;
2025;06;27;10;111.38;111.38;
2025;06;27;11;110.38;110.38;
2025;06;27;12;109.15;109.15;
2025;06;27;13;111.57;111.57;
2025;06;27;14;111.57;111.57;
2025;06;27;15;111.57;111.57;
2025;06;27;16;111.57;111.57;
2025;06;27;17;110.01;110.01;
2025;06;27;18;110.01;110.01;
2025;06;27;19;110.64;110.64;
2025;06;27;20;112.49;112.49;
2025;06;27;21;115.41;115.41;
2025;06;27;22;116.91;116.91;
2025;06;27;23;116.91;116.91;
2025;06;27;24;120.50;120.50;
2025;06;27;25;110.31;110.31;
2025;06;27;26;118.21;118.21;
2025;06;27;27;125.50;125.50;
2025;06;27;28;131.96;131.96;
2025;06;27;29;132.38;132.38;
2025;06;27;30;125.50;125.50;
2025;06;27;31;115.11;115.11;
2025;06;27;32;103.37;103.37;
2025;06;27;33;133.31;133.31;
2025;06;27;34;118.25;118.25;
2025;06;27;35;92.70;92.70;
2025;06;27;36;73.41;73.41;
2025;06;27;37;107.50;107.50;
2025;06;27;38;91.91;91.91;
2025;06;27;39;90.20;81.92;
2025;06;27;40;91.91;69.61;
2025;06;27;41;89.73;89.73;
2025;06;27;42;84.09;84.09;
2025;06;27;43;86.24;86.24;
2025;06;27;44;76.31;76.31;
2025;06;27;45;86.18;86.18;
2025;06;27;46;75.00;75.00;
2025;06;27;47;70.85;70.80;
2025;06;27;48;70.32;57.46;
2025;06;27;49;60.10;60.10;
2025;06;27;50;58.00;58.00;
2025;06;27;51;57.80;57.80;
2025;06;27;52;56.10;56.10;
2025;06;27;53;38.45;36.95;
2025;06;27;54;38.45;36.70;
2025;06;27;55;38.45;28.09;
2025;06;27;56;38.45;20.05;
2025;06;27;57;38.45;27.34;
2025;06;27;58;38.45;21.46;
2025;06;27;59;38.45;17.62;
2025;06;27;60;38.45;17.94;
2025;06;27;61;36.50;15.00;
2025;06;27;62;36.50;15.01;
2025;06;27;63;36.50;22.60;
2025;06;27;64;36.50;30.33;
2025;06;27;65;38.70;17.21;
2025;06;27;66;38.70;28.90;
2025;06;27;67;41.89;41.89;
2025;06;27;68;56.00;56.00;
2025;06;27;69;65.50;47.04;
2025;06;27;70;69.30;69.30;
2025;06;27;71;83.48;83.48;
2025;06;27;72;92.09;92.09;
2025;06;27;73;74.73;74.73;
2025;06;27;74;85.05;85.05;
2025;06;27;75;95.31;95.31;
2025;06;27;76;105.47;105.47;
2025;06;27;77;77.79;77.79;
2025;06;27;78;94.29;94.29;
2025;06;27;79;106.72;106.72;
2025;06;27;80;120.98;120.98;
2025;06;27;81;90.20;90.20;
2025;06;27;82;107.16;107.16;
2025;06;27;83;132.19;132.19;
2025;06;27;84;138.21;138.21;
2025;06;27;85;141.05;141.05;
2025;06;27;86;141.05;141.05;
2025;06;27;87;141.06;141.06;
2025;06;27;88;141.06;141.06;
2025;06;27;89;138.57;138.57;
2025;06;27;90;138.56;138.56;
2025;06;27;91;138.56;138.56;
2025;06;27;92;133.48;133.48;
2025;06;27;93;134.40;134.40;
2025;06;27;94;120.31;120.31;
2025;06;27;95;114.92;114.92;
2025;06;27;96;110.31;110.31;
*
