MARGINALPIBC;
2025;05;05;1;69.86;28.10;
2025;05;05;2;52.78;28.10;
2025;05;05;3;52.78;16.50;
2025;05;05;4;52.78;3.88;
2025;05;05;5;52.56;20.37;
2025;05;05;6;52.56;20.37;
2025;05;05;7;52.56;20.37;
2025;05;05;8;52.56;20.37;
2025;05;05;9;52.56;29.99;
2025;05;05;10;52.56;15.78;
2025;05;05;11;52.56;15.78;
2025;05;05;12;52.56;15.78;
2025;05;05;13;52.56;14.00;
2025;05;05;14;52.56;14.00;
2025;05;05;15;52.56;12.20;
2025;05;05;16;52.56;12.20;
2025;05;05;17;52.56;11.08;
2025;05;05;18;52.56;9.49;
2025;05;05;19;52.56;10.06;
2025;05;05;20;52.56;14.00;
2025;05;05;21;51.42;14.94;
2025;05;05;22;51.42;14.94;
2025;05;05;23;51.42;24.50;
2025;05;05;24;51.42;32.32;
2025;05;05;25;52.56;14.96;
2025;05;05;26;52.56;22.89;
2025;05;05;27;52.56;22.89;
2025;05;05;28;52.56;33.39;
2025;05;05;29;40.00;34.99;
2025;05;05;30;40.00;35.00;
2025;05;05;31;45.70;45.70;
2025;05;05;32;47.45;47.45;
2025;05;05;33;50.00;50.00;
2025;05;05;34;50.00;50.00;
2025;05;05;35;44.56;35.00;
2025;05;05;36;50.06;24.50;
2025;05;05;37;52.56;50.00;
2025;05;05;38;52.56;29.63;
2025;05;05;39;52.56;26.80;
2025;05;05;40;52.56;5.80;
2025;05;05;41;50.43;11.70;
2025;05;05;42;50.43;5.11;
2025;05;05;43;50.43;3.52;
2025;05;05;44;50.43;2.40;
2025;05;05;45;38.72;1.97;
2025;05;05;46;6.47;.00;
2025;05;05;47;6.47;.00;
2025;05;05;48;2.45;.00;
2025;05;05;49;52.60;.00;
2025;05;05;50;52.60;.00;
2025;05;05;51;52.60;-.01;
2025;05;05;52;52.60;-.13;
2025;05;05;53;52.56;-.13;
2025;05;05;54;52.56;-.20;
2025;05;05;55;52.56;-1.01;
2025;05;05;56;52.56;-1.54;
2025;05;05;57;46.27;-1.54;
2025;05;05;58;46.27;-1.54;
2025;05;05;59;46.27;-1.54;
2025;05;05;60;46.27;-1.54;
2025;05;05;61;38.17;-2.00;
2025;05;05;62;38.17;-3.00;
2025;05;05;63;38.17;-4.00;
2025;05;05;64;38.17;-4.00;
2025;05;05;65;35.36;-4.00;
2025;05;05;66;35.36;-4.00;
2025;05;05;67;35.36;-4.00;
2025;05;05;68;28.35;-4.00;
2025;05;05;69;35.36;-4.00;
2025;05;05;70;35.36;-4.00;
2025;05;05;71;35.36;-4.00;
2025;05;05;72;35.86;-2.00;
2025;05;05;73;36.01;-.98;
2025;05;05;74;36.01;-.13;
2025;05;05;75;36.01;.00;
2025;05;05;76;36.01;.00;
2025;05;05;77;52.56;-1.54;
2025;05;05;78;52.56;.65;
2025;05;05;79;52.56;3.52;
2025;05;05;80;52.56;5.50;
2025;05;05;81;48.23;4.50;
2025;05;05;82;48.23;15.70;
2025;05;05;83;48.23;30.58;
2025;05;05;84;51.42;48.42;
2025;05;05;85;52.56;42.05;
2025;05;05;86;52.56;33.80;
2025;05;05;87;52.56;33.80;
2025;05;05;88;52.56;28.10;
2025;05;05;89;52.56;50.00;
2025;05;05;90;52.56;24.26;
2025;05;05;91;52.56;24.26;
2025;05;05;92;52.56;22.10;
2025;05;05;93;51.42;29.10;
2025;05;05;94;51.23;17.90;
2025;05;05;95;50.73;17.90;
2025;05;05;96;50.73;17.90;
*
