MARGINALPIBC;
2025;07;25;1;90.46;90.46;
2025;07;25;2;89.99;89.99;
2025;07;25;3;83.88;83.88;
2025;07;25;4;73.83;73.83;
2025;07;25;5;84.17;84.17;
2025;07;25;6;83.88;83.88;
2025;07;25;7;79.99;79.99;
2025;07;25;8;73.63;73.63;
2025;07;25;9;77.50;77.50;
2025;07;25;10;73.63;73.63;
2025;07;25;11;67.54;67.54;
2025;07;25;12;61.99;61.99;
2025;07;25;13;61.13;61.13;
2025;07;25;14;59.19;59.19;
2025;07;25;15;58.99;58.99;
2025;07;25;16;58.99;58.99;
2025;07;25;17;53.75;53.75;
2025;07;25;18;53.75;53.75;
2025;07;25;19;53.75;53.75;
2025;07;25;20;53.99;53.99;
2025;07;25;21;63.42;63.42;
2025;07;25;22;63.42;63.42;
2025;07;25;23;68.88;68.88;
2025;07;25;24;70.60;70.60;
2025;07;25;25;62.22;62.22;
2025;07;25;26;76.45;76.45;
2025;07;25;27;81.11;81.11;
2025;07;25;28;83.88;83.88;
2025;07;25;29;86.00;86.00;
2025;07;25;30;87.40;87.40;
2025;07;25;31;86.00;86.00;
2025;07;25;32;82.93;82.93;
2025;07;25;33;89.22;89.22;
2025;07;25;34;79.99;79.99;
2025;07;25;35;58.99;58.99;
2025;07;25;36;41.29;41.29;
2025;07;25;37;77.75;77.75;
2025;07;25;38;68.88;68.88;
2025;07;25;39;36.45;36.45;
2025;07;25;40;2.25;2.25;
2025;07;25;41;30.59;30.59;
2025;07;25;42;15.00;15.00;
2025;07;25;43;8.41;8.41;
2025;07;25;44;5.11;5.11;
2025;07;25;45;15.00;15.00;
2025;07;25;46;15.00;15.00;
2025;07;25;47;15.00;15.00;
2025;07;25;48;15.00;15.00;
2025;07;25;49;10.21;10.21;
2025;07;25;50;10.40;10.40;
2025;07;25;51;10.75;10.75;
2025;07;25;52;10.75;10.75;
2025;07;25;53;15.00;15.00;
2025;07;25;54;20.33;20.33;
2025;07;25;55;11.85;11.85;
2025;07;25;56;8.21;8.21;
2025;07;25;57;14.78;14.78;
2025;07;25;58;13.04;13.04;
2025;07;25;59;10.75;10.75;
2025;07;25;60;8.10;8.10;
2025;07;25;61;5.00;5.00;
2025;07;25;62;4.33;4.33;
2025;07;25;63;4.31;4.31;
2025;07;25;64;4.31;4.31;
2025;07;25;65;1.32;.85;
2025;07;25;66;1.32;.85;
2025;07;25;67;4.31;.85;
2025;07;25;68;1.72;1.72;
2025;07;25;69;0.85;.85;
2025;07;25;70;1.72;1.72;
2025;07;25;71;4.31;4.31;
2025;07;25;72;6.00;6.00;
2025;07;25;73;9.83;9.83;
2025;07;25;74;15.00;15.00;
2025;07;25;75;38.96;38.96;
2025;07;25;76;55.55;55.55;
2025;07;25;77;-2.01;-5.00;
2025;07;25;78;0.00;.00;
2025;07;25;79;58.99;58.99;
2025;07;25;80;79.99;79.99;
2025;07;25;81;6.88;6.88;
2025;07;25;82;69.25;69.25;
2025;07;25;83;86.77;86.77;
2025;07;25;84;93.50;93.50;
2025;07;25;85;96.00;96.00;
2025;07;25;86;97.74;97.74;
2025;07;25;87;99.72;99.72;
2025;07;25;88;99.49;99.49;
2025;07;25;89;98.55;98.55;
2025;07;25;90;97.31;97.31;
2025;07;25;91;95.15;95.15;
2025;07;25;92;91.75;91.75;
2025;07;25;93;85.00;85.00;
2025;07;25;94;83.88;83.88;
2025;07;25;95;80.19;80.19;
2025;07;25;96;76.99;76.99;
*
