MARGINALPIBC;
2025;07;21;1;87.24;87.24;
2025;07;21;2;81.58;81.58;
2025;07;21;3;67.77;67.77;
2025;07;21;4;54.99;54.99;
2025;07;21;5;70.09;70.09;
2025;07;21;6;64.69;64.69;
2025;07;21;7;54.77;54.77;
2025;07;21;8;48.48;48.48;
2025;07;21;9;65.00;65.00;
2025;07;21;10;64.99;64.99;
2025;07;21;11;64.99;64.99;
2025;07;21;12;50.00;50.00;
2025;07;21;13;62.60;62.60;
2025;07;21;14;64.99;64.99;
2025;07;21;15;64.99;64.99;
2025;07;21;16;64.99;64.99;
2025;07;21;17;37.20;37.20;
2025;07;21;18;40.48;40.48;
2025;07;21;19;47.88;47.88;
2025;07;21;20;56.66;56.66;
2025;07;21;21;41.89;41.89;
2025;07;21;22;50.07;50.07;
2025;07;21;23;50.07;50.07;
2025;07;21;24;55.00;55.00;
2025;07;21;25;52.77;52.77;
2025;07;21;26;55.44;55.44;
2025;07;21;27;55.77;55.77;
2025;07;21;28;82.95;82.95;
2025;07;21;29;97.88;97.88;
2025;07;21;30;99.25;99.25;
2025;07;21;31;98.43;98.43;
2025;07;21;32;90.20;90.20;
2025;07;21;33;90.69;90.69;
2025;07;21;34;81.95;81.95;
2025;07;21;35;14.00;14.00;
2025;07;21;36;-2.10;-2.10;
2025;07;21;37;64.99;64.99;
2025;07;21;38;39.78;39.78;
2025;07;21;39;15.00;15.00;
2025;07;21;40;5.76;.00;
2025;07;21;41;15.61;15.61;
2025;07;21;42;5.76;5.76;
2025;07;21;43;5.76;.11;
2025;07;21;44;5.76;.11;
2025;07;21;45;6.00;6.00;
2025;07;21;46;0.00;.00;
2025;07;21;47;0.00;.00;
2025;07;21;48;0.00;.00;
2025;07;21;49;15.23;15.23;
2025;07;21;50;15.23;15.23;
2025;07;21;51;16.75;16.75;
2025;07;21;52;18.34;18.34;
2025;07;21;53;25.74;25.74;
2025;07;21;54;24.89;24.89;
2025;07;21;55;23.32;23.32;
2025;07;21;56;22.53;22.53;
2025;07;21;57;18.94;18.94;
2025;07;21;58;18.94;18.94;
2025;07;21;59;19.18;19.18;
2025;07;21;60;18.94;18.94;
2025;07;21;61;21.11;21.11;
2025;07;21;62;19.69;19.69;
2025;07;21;63;19.27;19.27;
2025;07;21;64;19.12;19.12;
2025;07;21;65;8.35;8.35;
2025;07;21;66;6.43;6.43;
2025;07;21;67;13.60;13.60;
2025;07;21;68;16.29;16.29;
2025;07;21;69;7.64;7.64;
2025;07;21;70;10.35;10.35;
2025;07;21;71;29.97;29.97;
2025;07;21;72;35.67;35.67;
2025;07;21;73;-5.25;-5.25;
2025;07;21;74;0.00;.00;
2025;07;21;75;27.54;27.54;
2025;07;21;76;38.81;38.81;
2025;07;21;77;-2.25;-2.25;
2025;07;21;78;19.12;19.12;
2025;07;21;79;67.58;67.58;
2025;07;21;80;82.62;82.62;
2025;07;21;81;55.77;55.77;
2025;07;21;82;89.74;89.74;
2025;07;21;83;115.15;115.15;
2025;07;21;84;131.78;131.78;
2025;07;21;85;163.35;163.35;
2025;07;21;86;169.20;169.20;
2025;07;21;87;169.20;169.20;
2025;07;21;88;169.20;169.20;
2025;07;21;89;165.43;165.43;
2025;07;21;90;165.43;165.43;
2025;07;21;91;163.33;163.33;
2025;07;21;92;157.91;157.91;
2025;07;21;93;119.80;119.80;
2025;07;21;94;119.78;119.78;
2025;07;21;95;118.69;118.69;
2025;07;21;96;109.78;109.78;
*
