MARGINALPIBC;
2025;07;17;1;132.12;132.12;
2025;07;17;2;132.20;132.20;
2025;07;17;3;130.20;130.20;
2025;07;17;4;130.20;130.20;
2025;07;17;5;129.12;129.12;
2025;07;17;6;129.85;129.85;
2025;07;17;7;128.26;128.26;
2025;07;17;8;126.77;126.77;
2025;07;17;9;120.84;120.84;
2025;07;17;10;124.78;124.78;
2025;07;17;11;123.84;123.84;
2025;07;17;12;120.20;120.20;
2025;07;17;13;116.62;116.62;
2025;07;17;14;114.62;114.62;
2025;07;17;15;114.62;114.62;
2025;07;17;16;114.62;114.62;
2025;07;17;17;113.62;113.62;
2025;07;17;18;112.22;112.22;
2025;07;17;19;112.57;112.57;
2025;07;17;20;113.62;113.62;
2025;07;17;21;113.47;113.47;
2025;07;17;22;113.46;113.46;
2025;07;17;23;112.70;112.70;
2025;07;17;24;113.56;113.56;
2025;07;17;25;102.36;102.36;
2025;07;17;26;129.12;129.12;
2025;07;17;27;130.90;130.90;
2025;07;17;28;132.10;132.10;
2025;07;17;29;134.34;134.34;
2025;07;17;30;132.20;132.20;
2025;07;17;31;130.20;130.20;
2025;07;17;32;125.00;125.00;
2025;07;17;33;132.77;132.77;
2025;07;17;34;127.70;127.70;
2025;07;17;35;89.16;89.16;
2025;07;17;36;65.50;65.50;
2025;07;17;37;101.70;101.70;
2025;07;17;38;81.63;81.63;
2025;07;17;39;70.14;70.14;
2025;07;17;40;58.00;58.00;
2025;07;17;41;84.00;84.00;
2025;07;17;42;80.00;80.00;
2025;07;17;43;75.43;75.43;
2025;07;17;44;71.80;71.80;
2025;07;17;45;77.72;77.72;
2025;07;17;46;77.68;77.68;
2025;07;17;47;77.30;77.30;
2025;07;17;48;77.30;77.30;
2025;07;17;49;90.47;90.47;
2025;07;17;50;90.00;90.00;
2025;07;17;51;89.78;89.78;
2025;07;17;52;89.00;89.00;
2025;07;17;53;89.31;89.31;
2025;07;17;54;89.30;89.30;
2025;07;17;55;89.30;89.30;
2025;07;17;56;88.41;88.41;
2025;07;17;57;90.20;90.20;
2025;07;17;58;90.20;90.20;
2025;07;17;59;90.01;90.01;
2025;07;17;60;88.55;88.55;
2025;07;17;61;85.00;85.00;
2025;07;17;62;85.00;85.00;
2025;07;17;63;82.50;82.50;
2025;07;17;64;80.30;80.30;
2025;07;17;65;73.81;73.81;
2025;07;17;66;75.00;75.00;
2025;07;17;67;79.98;79.98;
2025;07;17;68;84.81;84.81;
2025;07;17;69;71.80;71.80;
2025;07;17;70;79.82;79.82;
2025;07;17;71;85.00;85.00;
2025;07;17;72;89.36;89.36;
2025;07;17;73;67.10;67.10;
2025;07;17;74;82.12;82.12;
2025;07;17;75;93.87;93.87;
2025;07;17;76;107.71;107.71;
2025;07;17;77;77.00;77.00;
2025;07;17;78;93.01;93.01;
2025;07;17;79;109.65;109.65;
2025;07;17;80;129.94;129.94;
2025;07;17;81;85.00;85.00;
2025;07;17;82;110.89;110.89;
2025;07;17;83;126.61;126.61;
2025;07;17;84;133.68;133.68;
2025;07;17;85;116.99;116.99;
2025;07;17;86;119.23;119.23;
2025;07;17;87;120.95;120.95;
2025;07;17;88;118.68;118.68;
2025;07;17;89;129.61;129.61;
2025;07;17;90;123.01;123.01;
2025;07;17;91;120.33;120.33;
2025;07;17;92;116.86;116.86;
2025;07;17;93;129.12;129.12;
2025;07;17;94;120.77;120.77;
2025;07;17;95;115.77;115.77;
2025;07;17;96;108.68;108.68;
*
