MARGINALPIBC;
2025;06;12;1;98.58;98.58;
2025;06;12;2;96.03;96.03;
2025;06;12;3;93.69;93.69;
2025;06;12;4;87.49;87.49;
2025;06;12;5;98.58;98.58;
2025;06;12;6;96.69;96.69;
2025;06;12;7;94.97;94.97;
2025;06;12;8;93.95;93.95;
2025;06;12;9;93.11;93.11;
2025;06;12;10;92.68;92.68;
2025;06;12;11;91.28;91.28;
2025;06;12;12;91.53;91.53;
2025;06;12;13;89.78;89.78;
2025;06;12;14;90.46;90.46;
2025;06;12;15;90.50;90.50;
2025;06;12;16;90.83;90.83;
2025;06;12;17;89.60;89.60;
2025;06;12;18;90.12;90.12;
2025;06;12;19;91.65;91.65;
2025;06;12;20;92.66;92.66;
2025;06;12;21;93.27;93.27;
2025;06;12;22;93.27;93.27;
2025;06;12;23;93.27;93.27;
2025;06;12;24;94.07;94.07;
2025;06;12;25;95.00;95.00;
2025;06;12;26;97.98;97.98;
2025;06;12;27;101.98;101.98;
2025;06;12;28;106.23;106.23;
2025;06;12;29;103.84;103.84;
2025;06;12;30;102.80;102.80;
2025;06;12;31;98.80;98.80;
2025;06;12;32;87.49;87.49;
2025;06;12;33;103.50;103.50;
2025;06;12;34;95.62;95.62;
2025;06;12;35;66.50;66.50;
2025;06;12;36;28.00;28.00;
2025;06;12;37;73.09;73.09;
2025;06;12;38;39.13;39.13;
2025;06;12;39;11.35;11.35;
2025;06;12;40;0.00;.00;
2025;06;12;41;76.39;13.01;
2025;06;12;42;75.14;.01;
2025;06;12;43;75.14;-8.00;
2025;06;12;44;82.36;-12.29;
2025;06;12;45;75.19;.01;
2025;06;12;46;84.25;-8.62;
2025;06;12;47;93.59;-9.00;
2025;06;12;48;93.59;-12.37;
2025;06;12;49;64.14;-2.10;
2025;06;12;50;50.14;-2.51;
2025;06;12;51;30.00;-2.51;
2025;06;12;52;26.14;-3.62;
2025;06;12;53;25.00;-4.90;
2025;06;12;54;25.00;-4.91;
2025;06;12;55;25.00;-4.90;
2025;06;12;56;25.00;-5.00;
2025;06;12;57;25.00;-4.90;
2025;06;12;58;25.00;-5.00;
2025;06;12;59;25.00;-5.50;
2025;06;12;60;25.00;-5.68;
2025;06;12;61;25.00;-2.01;
2025;06;12;62;25.00;.00;
2025;06;12;63;25.00;-2.00;
2025;06;12;64;21.56;-.01;
2025;06;12;65;21.56;-10.00;
2025;06;12;66;24.11;-8.00;
2025;06;12;67;24.11;-.97;
2025;06;12;68;25.00;1.00;
2025;06;12;69;20.00;-5.50;
2025;06;12;70;20.33;-2.92;
2025;06;12;71;21.56;10.80;
2025;06;12;72;25.00;25.00;
2025;06;12;73;10.27;9.37;
2025;06;12;74;18.31;18.31;
2025;06;12;75;31.10;31.10;
2025;06;12;76;76.39;76.39;
2025;06;12;77;49.23;49.23;
2025;06;12;78;80.64;80.64;
2025;06;12;79;98.56;98.56;
2025;06;12;80;109.57;109.57;
2025;06;12;81;86.40;86.40;
2025;06;12;82;99.01;99.01;
2025;06;12;83;116.01;116.01;
2025;06;12;84;123.85;123.85;
2025;06;12;85;132.66;136.41;
2025;06;12;86;132.66;132.66;
2025;06;12;87;132.96;141.64;
2025;06;12;88;134.68;141.71;
2025;06;12;89;143.61;147.57;
2025;06;12;90;143.61;143.61;
2025;06;12;91;143.01;143.01;
2025;06;12;92;136.75;136.75;
2025;06;12;93;122.58;122.58;
2025;06;12;94;121.21;121.21;
2025;06;12;95;118.46;118.46;
2025;06;12;96;111.97;111.97;
*
