MARGINALPIBC;
2025;07;09;1;110.62;110.62;
2025;07;09;2;110.62;110.62;
2025;07;09;3;110.62;110.62;
2025;07;09;4;110.60;110.60;
2025;07;09;5;109.36;109.36;
2025;07;09;6;107.06;107.06;
2025;07;09;7;104.01;104.01;
2025;07;09;8;102.97;102.97;
2025;07;09;9;101.41;101.41;
2025;07;09;10;101.42;101.42;
2025;07;09;11;101.41;101.41;
2025;07;09;12;101.41;101.41;
2025;07;09;13;103.32;103.32;
2025;07;09;14;103.32;103.32;
2025;07;09;15;107.95;107.95;
2025;07;09;16;108.32;108.32;
2025;07;09;17;107.95;107.95;
2025;07;09;18;108.59;108.59;
2025;07;09;19;108.60;108.60;
2025;07;09;20;109.36;109.36;
2025;07;09;21;109.47;109.47;
2025;07;09;22;110.37;110.37;
2025;07;09;23;110.37;110.37;
2025;07;09;24;110.37;110.37;
2025;07;09;25;106.20;106.20;
2025;07;09;26;114.27;114.27;
2025;07;09;27;115.62;115.62;
2025;07;09;28;118.02;118.02;
2025;07;09;29;120.12;120.12;
2025;07;09;30;120.32;120.32;
2025;07;09;31;119.82;119.82;
2025;07;09;32;117.82;117.82;
2025;07;09;33;115.75;115.75;
2025;07;09;34;100.00;100.00;
2025;07;09;35;80.25;80.25;
2025;07;09;36;50.20;50.20;
2025;07;09;37;99.50;99.50;
2025;07;09;38;81.64;81.64;
2025;07;09;39;63.61;63.61;
2025;07;09;40;50.20;50.20;
2025;07;09;41;90.70;90.70;
2025;07;09;42;90.60;90.60;
2025;07;09;43;90.85;90.85;
2025;07;09;44;90.68;90.68;
2025;07;09;45;89.11;89.11;
2025;07;09;46;88.31;88.31;
2025;07;09;47;88.73;88.73;
2025;07;09;48;88.29;88.29;
2025;07;09;49;80.09;80.09;
2025;07;09;50;84.32;84.32;
2025;07;09;51;84.89;84.89;
2025;07;09;52;84.79;84.79;
2025;07;09;53;86.00;86.00;
2025;07;09;54;84.89;84.89;
2025;07;09;55;85.83;85.83;
2025;07;09;56;84.89;84.89;
2025;07;09;57;86.20;86.20;
2025;07;09;58;86.20;86.20;
2025;07;09;59;86.20;86.20;
2025;07;09;60;86.20;86.20;
2025;07;09;61;87.55;87.55;
2025;07;09;62;87.24;87.24;
2025;07;09;63;86.89;86.89;
2025;07;09;64;87.55;87.55;
2025;07;09;65;88.51;88.51;
2025;07;09;66;88.83;88.83;
2025;07;09;67;95.70;95.70;
2025;07;09;68;95.70;95.70;
2025;07;09;69;91.20;91.20;
2025;07;09;70;95.55;95.55;
2025;07;09;71;101.20;101.20;
2025;07;09;72;105.55;105.55;
2025;07;09;73;82.94;82.94;
2025;07;09;74;86.17;86.17;
2025;07;09;75;94.59;94.59;
2025;07;09;76;100.40;100.40;
2025;07;09;77;90.84;90.84;
2025;07;09;78;107.91;107.91;
2025;07;09;79;114.94;114.94;
2025;07;09;80;122.82;122.82;
2025;07;09;81;103.54;103.54;
2025;07;09;82;115.04;115.04;
2025;07;09;83;135.04;135.04;
2025;07;09;84;155.00;155.00;
2025;07;09;85;150.21;150.21;
2025;07;09;86;153.75;153.75;
2025;07;09;87;153.75;153.75;
2025;07;09;88;152.75;152.75;
2025;07;09;89;149.01;149.01;
2025;07;09;90;145.01;145.01;
2025;07;09;91;142.51;142.51;
2025;07;09;92;137.01;137.01;
2025;07;09;93;125.00;125.00;
2025;07;09;94;119.00;119.00;
2025;07;09;95;115.20;115.20;
2025;07;09;96;111.60;111.60;
*
