MARGINALPIBC;
2025;05;18;1;58.50;58.50;
2025;05;18;2;55.52;55.52;
2025;05;18;3;37.03;37.03;
2025;05;18;4;27.00;27.00;
2025;05;18;5;41.20;41.20;
2025;05;18;6;31.92;31.92;
2025;05;18;7;30.18;30.18;
2025;05;18;8;20.05;20.05;
2025;05;18;9;37.87;37.87;
2025;05;18;10;36.41;36.41;
2025;05;18;11;31.07;31.07;
2025;05;18;12;22.31;22.31;
2025;05;18;13;23.31;23.31;
2025;05;18;14;23.31;23.31;
2025;05;18;15;24.52;24.52;
2025;05;18;16;23.92;23.92;
2025;05;18;17;23.31;23.31;
2025;05;18;18;20.31;20.31;
2025;05;18;19;19.51;19.51;
2025;05;18;20;19.75;19.75;
2025;05;18;21;23.31;23.31;
2025;05;18;22;23.31;23.31;
2025;05;18;23;23.31;23.31;
2025;05;18;24;23.31;23.31;
2025;05;18;25;14.69;14.69;
2025;05;18;26;14.50;14.50;
2025;05;18;27;14.50;14.50;
2025;05;18;28;22.24;22.24;
2025;05;18;29;24.52;24.52;
2025;05;18;30;23.31;23.31;
2025;05;18;31;14.00;14.00;
2025;05;18;32;7.40;7.40;
2025;05;18;33;30.90;30.90;
2025;05;18;34;13.01;13.01;
2025;05;18;35;1.72;1.72;
2025;05;18;36;6.00;-4.12;
2025;05;18;37;25.60;3.52;
2025;05;18;38;21.80;.85;
2025;05;18;39;21.80;.00;
2025;05;18;40;21.80;-1.54;
2025;05;18;41;21.80;.00;
2025;05;18;42;18.80;-.01;
2025;05;18;43;18.80;-.62;
2025;05;18;44;18.80;-3.98;
2025;05;18;45;25.60;-1.54;
2025;05;18;46;18.80;-1.54;
2025;05;18;47;15.90;-1.54;
2025;05;18;48;15.90;-3.40;
2025;05;18;49;10.00;-3.08;
2025;05;18;50;6.00;-5.00;
2025;05;18;51;6.00;-5.00;
2025;05;18;52;5.76;-5.80;
2025;05;18;53;4.31;-5.00;
2025;05;18;54;4.31;-5.80;
2025;05;18;55;4.31;-8.00;
2025;05;18;56;3.30;-10.00;
2025;05;18;57;4.31;-9.30;
2025;05;18;58;4.31;-9.30;
2025;05;18;59;4.31;-9.62;
2025;05;18;60;4.31;-9.30;
2025;05;18;61;4.31;-8.35;
2025;05;18;62;4.31;-5.80;
2025;05;18;63;4.31;-5.80;
2025;05;18;64;4.31;-5.80;
2025;05;18;65;4.00;-13.00;
2025;05;18;66;0.00;-7.50;
2025;05;18;67;-1.00;-5.80;
2025;05;18;68;-1.00;-5.00;
2025;05;18;69;-0.03;-11.69;
2025;05;18;70;-0.03;-5.80;
2025;05;18;71;-0.03;-5.00;
2025;05;18;72;-0.02;-2.07;
2025;05;18;73;-0.01;-1.54;
2025;05;18;74;-0.01;-1.01;
2025;05;18;75;0.00;.00;
2025;05;18;76;0.66;.66;
2025;05;18;77;-2.50;-2.50;
2025;05;18;78;0.65;.65;
2025;05;18;79;4.31;4.31;
2025;05;18;80;15.00;15.00;
2025;05;18;81;0.00;.00;
2025;05;18;82;1.53;1.53;
2025;05;18;83;7.44;7.44;
2025;05;18;84;12.94;12.94;
2025;05;18;85;29.45;29.45;
2025;05;18;86;35.00;35.00;
2025;05;18;87;36.93;37.00;
2025;05;18;88;32.31;32.31;
2025;05;18;89;40.70;40.70;
2025;05;18;90;38.59;38.59;
2025;05;18;91;35.70;35.70;
2025;05;18;92;35.20;35.20;
2025;05;18;93;23.97;23.97;
2025;05;18;94;19.46;19.46;
2025;05;18;95;12.10;12.10;
2025;05;18;96;10.90;10.90;
*
