MARGINALPIBC;
2025;05;01;1;13.70;13.70;
2025;05;01;2;14.10;14.10;
2025;05;01;3;19.13;19.13;
2025;05;01;4;15.47;15.47;
2025;05;01;5;22.66;22.66;
2025;05;01;6;19.66;19.66;
2025;05;01;7;18.26;18.26;
2025;05;01;8;10.83;10.83;
2025;05;01;9;25.53;25.53;
2025;05;01;10;22.59;22.59;
2025;05;01;11;12.59;12.59;
2025;05;01;12;12.57;12.57;
2025;05;01;13;23.22;23.22;
2025;05;01;14;23.22;23.22;
2025;05;01;15;23.22;23.22;
2025;05;01;16;22.66;22.66;
2025;05;01;17;16.15;16.15;
2025;05;01;18;17.59;17.59;
2025;05;01;19;17.59;17.59;
2025;05;01;20;19.03;19.03;
2025;05;01;21;17.20;17.20;
2025;05;01;22;18.00;18.00;
2025;05;01;23;27.10;27.10;
2025;05;01;24;27.20;27.20;
2025;05;01;25;23.20;23.20;
2025;05;01;26;28.16;28.16;
2025;05;01;27;28.16;28.16;
2025;05;01;28;28.48;28.48;
2025;05;01;29;20.52;20.52;
2025;05;01;30;13.02;13.02;
2025;05;01;31;12.52;12.52;
2025;05;01;32;12.52;12.52;
2025;05;01;33;20.61;20.61;
2025;05;01;34;7.89;7.89;
2025;05;01;35;0.00;.00;
2025;05;01;36;-0.51;-8.42;
2025;05;01;37;21.42;3.52;
2025;05;01;38;20.95;.65;
2025;05;01;39;18.64;-13.89;
2025;05;01;40;17.95;-20.01;
2025;05;01;41;28.48;.00;
2025;05;01;42;28.48;-1.54;
2025;05;01;43;18.64;-11.32;
2025;05;01;44;18.64;-19.80;
2025;05;01;45;0.00;-19.69;
2025;05;01;46;0.00;-31.00;
2025;05;01;47;-0.51;-35.22;
2025;05;01;48;-0.51;-40.00;
2025;05;01;49;0.00;-31.00;
2025;05;01;50;0.00;-35.54;
2025;05;01;51;0.00;-37.18;
2025;05;01;52;0.00;-39.00;
2025;05;01;53;0.00;-40.00;
2025;05;01;54;0.00;-42.96;
2025;05;01;55;0.00;-42.96;
2025;05;01;56;0.00;-47.17;
2025;05;01;57;-0.11;-50.00;
2025;05;01;58;0.00;-50.00;
2025;05;01;59;0.00;-50.50;
2025;05;01;60;0.00;-50.50;
2025;05;01;61;0.00;-50.00;
2025;05;01;62;0.00;-55.00;
2025;05;01;63;0.00;-41.00;
2025;05;01;64;0.00;-35.54;
2025;05;01;65;0.00;-38.61;
2025;05;01;66;0.00;-20.83;
2025;05;01;67;0.00;-9.17;
2025;05;01;68;0.00;-5.17;
2025;05;01;69;0.00;-16.00;
2025;05;01;70;0.00;-6.00;
2025;05;01;71;0.00;-5.17;
2025;05;01;72;5.10;-5.17;
2025;05;01;73;7.50;-7.05;
2025;05;01;74;10.50;-4.60;
2025;05;01;75;12.50;-1.54;
2025;05;01;76;18.64;-1.54;
2025;05;01;77;10.00;-10.00;
2025;05;01;78;16.42;-3.00;
2025;05;01;79;18.00;1.72;
2025;05;01;80;20.00;3.78;
2025;05;01;81;10.00;-5.00;
2025;05;01;82;18.00;18.00;
2025;05;01;83;25.00;25.00;
2025;05;01;84;35.50;35.50;
2025;05;01;85;49.50;54.00;
2025;05;01;86;49.50;55.50;
2025;05;01;87;49.50;60.00;
2025;05;01;88;49.50;49.50;
2025;05;01;89;39.05;39.05;
2025;05;01;90;31.50;35.50;
2025;05;01;91;23.50;30.47;
2025;05;01;92;23.50;30.00;
2025;05;01;93;14.44;14.44;
2025;05;01;94;8.88;8.88;
2025;05;01;95;6.00;6.00;
2025;05;01;96;5.61;5.61;
*
