MARGINALPIBC;
2025;06;02;1;80.24;80.24;
2025;06;02;2;55.24;55.24;
2025;06;02;3;30.24;30.24;
2025;06;02;4;17.47;17.47;
2025;06;02;5;39.37;39.37;
2025;06;02;6;25.51;25.51;
2025;06;02;7;27.25;27.25;
2025;06;02;8;17.47;17.47;
2025;06;02;9;46.66;46.66;
2025;06;02;10;35.32;35.32;
2025;06;02;11;33.29;33.29;
2025;06;02;12;25.66;25.66;
2025;06;02;13;39.10;39.10;
2025;06;02;14;33.12;33.12;
2025;06;02;15;28.68;28.68;
2025;06;02;16;19.10;19.10;
2025;06;02;17;35.51;35.51;
2025;06;02;18;35.01;35.01;
2025;06;02;19;32.37;32.37;
2025;06;02;20;35.01;35.01;
2025;06;02;21;18.89;18.89;
2025;06;02;22;33.51;33.51;
2025;06;02;23;34.39;34.39;
2025;06;02;24;48.89;48.89;
2025;06;02;25;31.78;31.78;
2025;06;02;26;31.90;31.90;
2025;06;02;27;31.85;31.85;
2025;06;02;28;40.01;40.01;
2025;06;02;29;45.59;45.59;
2025;06;02;30;64.60;64.60;
2025;06;02;31;67.24;67.24;
2025;06;02;32;59.09;59.09;
2025;06;02;33;81.09;81.09;
2025;06;02;34;77.96;77.96;
2025;06;02;35;42.66;42.66;
2025;06;02;36;28.46;28.46;
2025;06;02;37;57.76;57.76;
2025;06;02;38;44.44;44.44;
2025;06;02;39;31.01;31.01;
2025;06;02;40;10.00;10.00;
2025;06;02;41;42.55;42.55;
2025;06;02;42;28.23;28.23;
2025;06;02;43;27.11;27.11;
2025;06;02;44;20.39;20.39;
2025;06;02;45;36.05;36.05;
2025;06;02;46;27.95;27.95;
2025;06;02;47;18.88;13.09;
2025;06;02;48;18.88;10.11;
2025;06;02;49;18.67;10.86;
2025;06;02;50;18.67;10.11;
2025;06;02;51;18.67;6.85;
2025;06;02;52;18.67;5.00;
2025;06;02;53;15.01;3.52;
2025;06;02;54;15.01;3.52;
2025;06;02;55;15.01;3.52;
2025;06;02;56;15.01;3.52;
2025;06;02;57;7.00;3.52;
2025;06;02;58;7.00;3.52;
2025;06;02;59;7.00;3.52;
2025;06;02;60;7.00;3.52;
2025;06;02;61;15.01;1.72;
2025;06;02;62;15.01;1.72;
2025;06;02;63;15.01;1.72;
2025;06;02;64;15.01;1.72;
2025;06;02;65;6.55;1.72;
2025;06;02;66;6.55;1.38;
2025;06;02;67;6.55;3.52;
2025;06;02;68;6.70;3.52;
2025;06;02;69;6.70;3.52;
2025;06;02;70;11.55;3.52;
2025;06;02;71;15.00;15.00;
2025;06;02;72;21.72;21.72;
2025;06;02;73;19.90;9.40;
2025;06;02;74;17.41;17.41;
2025;06;02;75;33.22;33.22;
2025;06;02;76;32.37;32.37;
2025;06;02;77;8.13;8.13;
2025;06;02;78;25.00;25.00;
2025;06;02;79;42.99;42.99;
2025;06;02;80;75.30;75.30;
2025;06;02;81;43.01;43.01;
2025;06;02;82;79.24;79.24;
2025;06;02;83;91.71;91.71;
2025;06;02;84;98.06;98.06;
2025;06;02;85;96.32;96.32;
2025;06;02;86;103.33;103.33;
2025;06;02;87;106.25;106.25;
2025;06;02;88;95.00;95.00;
2025;06;02;89;104.21;104.21;
2025;06;02;90;100.21;100.21;
2025;06;02;91;101.23;101.23;
2025;06;02;92;96.11;96.11;
2025;06;02;93;90.79;90.79;
2025;06;02;94;88.59;88.59;
2025;06;02;95;85.52;85.52;
2025;06;02;96;81.51;81.51;
*
