MARGINALPIBC;
2025;05;10;1;44.72;44.72;
2025;05;10;2;33.22;33.22;
2025;05;10;3;26.09;26.09;
2025;05;10;4;2.10;2.10;
2025;05;10;5;22.30;22.30;
2025;05;10;6;26.28;21.82;
2025;05;10;7;26.28;16.42;
2025;05;10;8;26.28;.00;
2025;05;10;9;42.15;22.06;
2025;05;10;10;40.12;15.94;
2025;05;10;11;26.28;8.32;
2025;05;10;12;20.29;-.09;
2025;05;10;13;40.12;22.06;
2025;05;10;14;26.28;21.82;
2025;05;10;15;26.28;14.49;
2025;05;10;16;20.15;3.52;
2025;05;10;17;20.15;10.41;
2025;05;10;18;20.15;8.67;
2025;05;10;19;26.28;6.45;
2025;05;10;20;26.28;4.48;
2025;05;10;21;9.82;9.82;
2025;05;10;22;10.02;10.02;
2025;05;10;23;10.64;10.64;
2025;05;10;24;13.10;13.10;
2025;05;10;25;26.28;10.55;
2025;05;10;26;26.28;13.99;
2025;05;10;27;12.56;12.56;
2025;05;10;28;16.10;16.10;
2025;05;10;29;40.12;15.81;
2025;05;10;30;40.12;7.88;
2025;05;10;31;26.28;5.31;
2025;05;10;32;20.15;.01;
2025;05;10;33;45.21;22.06;
2025;05;10;34;45.21;20.32;
2025;05;10;35;42.15;.09;
2025;05;10;36;34.34;-12.00;
2025;05;10;37;24.00;24.00;
2025;05;10;38;20.15;12.26;
2025;05;10;39;8.52;-3.58;
2025;05;10;40;8.52;-26.47;
2025;05;10;41;28.69;28.69;
2025;05;10;42;18.02;3.52;
2025;05;10;43;8.52;-.06;
2025;05;10;44;8.52;-3.06;
2025;05;10;45;26.28;.00;
2025;05;10;46;11.01;-1.54;
2025;05;10;47;7.15;-1.54;
2025;05;10;48;5.97;-2.00;
2025;05;10;49;5.50;-4.00;
2025;05;10;50;4.56;-5.00;
2025;05;10;51;3.76;-5.00;
2025;05;10;52;1.05;-5.00;
2025;05;10;53;11.29;-5.00;
2025;05;10;54;11.29;-5.09;
2025;05;10;55;4.59;-5.09;
2025;05;10;56;2.58;-5.09;
2025;05;10;57;1.05;-5.80;
2025;05;10;58;1.05;-5.80;
2025;05;10;59;1.25;-7.50;
2025;05;10;60;1.05;-7.50;
2025;05;10;61;0.09;-10.00;
2025;05;10;62;0.10;-10.00;
2025;05;10;63;0.10;-12.00;
2025;05;10;64;0.10;-10.22;
2025;05;10;65;0.00;-25.00;
2025;05;10;66;0.00;-10.70;
2025;05;10;67;0.00;-5.09;
2025;05;10;68;1.00;-4.00;
2025;05;10;69;1.00;-15.40;
2025;05;10;70;0.00;-3.01;
2025;05;10;71;0.00;-.09;
2025;05;10;72;0.00;.00;
2025;05;10;73;0.10;-.62;
2025;05;10;74;1.00;-.01;
2025;05;10;75;4.31;.65;
2025;05;10;76;4.31;3.52;
2025;05;10;77;0.10;-3.00;
2025;05;10;78;4.31;.00;
2025;05;10;79;4.31;3.01;
2025;05;10;80;5.60;5.60;
2025;05;10;81;-0.50;-.50;
2025;05;10;82;7.15;7.15;
2025;05;10;83;21.03;21.03;
2025;05;10;84;26.52;26.52;
2025;05;10;85;31.38;31.38;
2025;05;10;86;35.00;35.00;
2025;05;10;87;37.98;37.98;
2025;05;10;88;30.88;30.88;
2025;05;10;89;25.96;25.96;
2025;05;10;90;23.74;23.74;
2025;05;10;91;30.74;30.74;
2025;05;10;92;25.96;25.96;
2025;05;10;93;25.38;25.38;
2025;05;10;94;25.37;25.37;
2025;05;10;95;19.87;19.87;
2025;05;10;96;5.00;5.00;
*
