MARGINALPIBC;
2025;07;10;1;138.00;138.00;
2025;07;10;2;135.29;135.29;
2025;07;10;3;130.58;130.58;
2025;07;10;4;129.50;129.50;
2025;07;10;5;128.80;128.80;
2025;07;10;6;127.50;127.50;
2025;07;10;7;121.49;121.49;
2025;07;10;8;120.87;120.87;
2025;07;10;9;119.89;119.89;
2025;07;10;10;121.36;121.36;
2025;07;10;11;121.36;121.36;
2025;07;10;12;122.82;122.82;
2025;07;10;13;120.42;120.42;
2025;07;10;14;120.11;120.11;
2025;07;10;15;120.11;120.11;
2025;07;10;16;120.11;120.11;
2025;07;10;17;119.89;119.89;
2025;07;10;18;118.49;118.49;
2025;07;10;19;118.02;118.02;
2025;07;10;20;117.38;117.38;
2025;07;10;21;114.53;114.53;
2025;07;10;22;114.43;114.43;
2025;07;10;23;114.53;114.53;
2025;07;10;24;114.79;114.79;
2025;07;10;25;119.39;119.39;
2025;07;10;26;125.66;125.66;
2025;07;10;27;129.87;129.87;
2025;07;10;28;130.58;130.58;
2025;07;10;29;141.29;141.29;
2025;07;10;30;136.14;136.14;
2025;07;10;31;132.72;132.72;
2025;07;10;32;128.51;128.51;
2025;07;10;33;133.56;133.56;
2025;07;10;34;125.65;125.65;
2025;07;10;35;112.16;112.16;
2025;07;10;36;82.77;82.77;
2025;07;10;37;111.95;111.95;
2025;07;10;38;94.06;94.06;
2025;07;10;39;79.77;79.77;
2025;07;10;40;75.29;75.29;
2025;07;10;41;80.77;80.77;
2025;07;10;42;80.57;80.57;
2025;07;10;43;75.29;75.29;
2025;07;10;44;72.52;72.52;
2025;07;10;45;80.00;80.00;
2025;07;10;46;75.29;75.29;
2025;07;10;47;75.01;75.01;
2025;07;10;48;75.01;75.01;
2025;07;10;49;84.68;84.68;
2025;07;10;50;84.68;84.68;
2025;07;10;51;84.68;84.68;
2025;07;10;52;84.68;84.68;
2025;07;10;53;89.22;89.22;
2025;07;10;54;88.59;88.59;
2025;07;10;55;87.98;87.98;
2025;07;10;56;88.26;88.26;
2025;07;10;57;90.16;90.16;
2025;07;10;58;91.92;91.92;
2025;07;10;59;92.52;92.52;
2025;07;10;60;92.44;92.44;
2025;07;10;61;90.91;90.91;
2025;07;10;62;90.90;90.90;
2025;07;10;63;90.77;90.77;
2025;07;10;64;90.15;90.15;
2025;07;10;65;89.25;89.25;
2025;07;10;66;90.77;90.77;
2025;07;10;67;91.21;91.21;
2025;07;10;68;91.90;91.90;
2025;07;10;69;85.56;85.56;
2025;07;10;70;86.73;86.73;
2025;07;10;71;88.09;88.09;
2025;07;10;72;89.58;89.58;
2025;07;10;73;68.65;68.65;
2025;07;10;74;62.18;62.18;
2025;07;10;75;85.73;85.73;
2025;07;10;76;93.09;93.09;
2025;07;10;77;69.77;69.77;
2025;07;10;78;78.99;78.99;
2025;07;10;79;95.20;95.20;
2025;07;10;80;114.39;114.39;
2025;07;10;81;92.15;92.15;
2025;07;10;82;116.15;116.15;
2025;07;10;83;129.87;129.87;
2025;07;10;84;142.87;168.65;
2025;07;10;85;149.75;166.75;
2025;07;10;86;150.75;192.98;
2025;07;10;87;151.75;235.84;
2025;07;10;88;151.75;235.84;
2025;07;10;89;167.00;233.78;
2025;07;10;90;168.00;220.00;
2025;07;10;91;167.00;209.99;
2025;07;10;92;167.00;173.40;
2025;07;10;93;128.00;145.20;
2025;07;10;94;130.00;137.00;
2025;07;10;95;129.34;129.34;
2025;07;10;96;124.10;124.10;
*
