MARGINALPIBC;
2025;06;19;1;140.01;140.01;
2025;06;19;2;134.01;134.01;
2025;06;19;3;132.01;132.01;
2025;06;19;4;127.58;127.58;
2025;06;19;5;127.88;127.88;
2025;06;19;6;124.68;124.68;
2025;06;19;7;124.37;124.37;
2025;06;19;8;123.19;123.19;
2025;06;19;9;123.61;123.61;
2025;06;19;10;122.61;122.61;
2025;06;19;11;116.89;116.89;
2025;06;19;12;115.75;115.75;
2025;06;19;13;115.48;115.48;
2025;06;19;14;115.48;115.48;
2025;06;19;15;115.12;115.12;
2025;06;19;16;113.91;113.91;
2025;06;19;17;115.31;115.31;
2025;06;19;18;115.31;115.31;
2025;06;19;19;115.31;115.31;
2025;06;19;20;116.45;116.45;
2025;06;19;21;107.10;107.10;
2025;06;19;22;106.10;106.10;
2025;06;19;23;106.10;106.10;
2025;06;19;24;120.65;120.65;
2025;06;19;25;124.00;124.00;
2025;06;19;26;127.02;127.02;
2025;06;19;27;128.26;128.26;
2025;06;19;28;130.02;130.02;
2025;06;19;29;139.01;139.01;
2025;06;19;30;135.92;135.92;
2025;06;19;31;132.83;132.83;
2025;06;19;32;115.03;115.03;
2025;06;19;33;146.03;146.03;
2025;06;19;34;126.94;126.94;
2025;06;19;35;100.00;100.00;
2025;06;19;36;94.10;94.10;
2025;06;19;37;116.39;116.39;
2025;06;19;38;110.23;110.23;
2025;06;19;39;99.00;99.00;
2025;06;19;40;97.00;97.00;
2025;06;19;41;104.28;104.28;
2025;06;19;42;106.12;106.12;
2025;06;19;43;104.28;104.28;
2025;06;19;44;103.79;103.79;
2025;06;19;45;92.31;92.31;
2025;06;19;46;92.31;92.31;
2025;06;19;47;90.34;90.34;
2025;06;19;48;91.81;91.81;
2025;06;19;49;83.33;83.33;
2025;06;19;50;83.32;83.32;
2025;06;19;51;83.32;83.32;
2025;06;19;52;83.32;83.32;
2025;06;19;53;82.85;82.85;
2025;06;19;54;83.60;83.60;
2025;06;19;55;82.85;82.85;
2025;06;19;56;80.50;80.50;
2025;06;19;57;74.65;74.65;
2025;06;19;58;74.65;74.65;
2025;06;19;59;74.65;74.65;
2025;06;19;60;74.65;74.65;
2025;06;19;61;71.50;71.50;
2025;06;19;62;71.50;71.50;
2025;06;19;63;71.50;71.50;
2025;06;19;64;71.50;71.50;
2025;06;19;65;83.60;83.60;
2025;06;19;66;83.60;83.60;
2025;06;19;67;83.60;83.60;
2025;06;19;68;83.60;83.60;
2025;06;19;69;85.50;85.50;
2025;06;19;70;90.00;90.00;
2025;06;19;71;96.07;96.07;
2025;06;19;72;101.08;101.08;
2025;06;19;73;95.12;95.12;
2025;06;19;74;103.14;103.14;
2025;06;19;75;112.18;112.18;
2025;06;19;76;118.68;118.68;
2025;06;19;77;99.00;99.00;
2025;06;19;78;106.73;106.73;
2025;06;19;79;120.50;120.50;
2025;06;19;80;136.88;136.88;
2025;06;19;81;108.20;108.20;
2025;06;19;82;127.56;127.56;
2025;06;19;83;130.06;130.06;
2025;06;19;84;146.54;146.54;
2025;06;19;85;158.55;158.55;
2025;06;19;86;160.10;160.10;
2025;06;19;87;160.05;160.05;
2025;06;19;88;160.55;160.55;
2025;06;19;89;157.60;157.60;
2025;06;19;90;157.60;157.60;
2025;06;19;91;156.60;156.60;
2025;06;19;92;155.60;155.60;
2025;06;19;93;132.02;132.02;
2025;06;19;94;127.85;127.85;
2025;06;19;95;124.02;124.02;
2025;06;19;96;124.02;124.02;
*
