MARGINALPIBC;
2025;05;09;1;47.06;47.06;
2025;05;09;2;39.01;36.70;
2025;05;09;3;35.01;18.68;
2025;05;09;4;15.77;6.11;
2025;05;09;5;20.56;20.56;
2025;05;09;6;37.51;12.99;
2025;05;09;7;35.01;11.65;
2025;05;09;8;15.01;7.00;
2025;05;09;9;37.51;21.69;
2025;05;09;10;37.51;20.99;
2025;05;09;11;35.01;21.34;
2025;05;09;12;35.01;7.98;
2025;05;09;13;37.51;18.56;
2025;05;09;14;35.01;19.50;
2025;05;09;15;35.01;11.08;
2025;05;09;16;35.01;7.98;
2025;05;09;17;37.51;7.00;
2025;05;09;18;37.51;7.52;
2025;05;09;19;37.51;7.98;
2025;05;09;20;37.51;12.42;
2025;05;09;21;37.51;5.00;
2025;05;09;22;37.51;7.00;
2025;05;09;23;37.51;15.33;
2025;05;09;24;39.01;26.63;
2025;05;09;25;15.01;15.01;
2025;05;09;26;15.01;15.01;
2025;05;09;27;40.76;40.76;
2025;05;09;28;47.06;47.06;
2025;05;09;29;52.91;52.91;
2025;05;09;30;70.27;70.27;
2025;05;09;31;70.01;70.01;
2025;05;09;32;53.91;53.91;
2025;05;09;33;60.58;60.58;
2025;05;09;34;47.30;47.30;
2025;05;09;35;20.68;20.68;
2025;05;09;36;15.01;2.00;
2025;05;09;37;62.86;62.86;
2025;05;09;38;39.01;39.01;
2025;05;09;39;35.31;7.00;
2025;05;09;40;15.01;.00;
2025;05;09;41;40.59;40.59;
2025;05;09;42;35.01;27.37;
2025;05;09;43;15.17;15.17;
2025;05;09;44;15.01;-2.97;
2025;05;09;45;15.01;10.72;
2025;05;09;46;15.01;3.52;
2025;05;09;47;15.01;3.52;
2025;05;09;48;15.01;-.16;
2025;05;09;49;15.01;6.35;
2025;05;09;50;15.01;3.52;
2025;05;09;51;15.01;3.52;
2025;05;09;52;15.01;1.84;
2025;05;09;53;25.26;.00;
2025;05;09;54;15.01;.00;
2025;05;09;55;15.01;.00;
2025;05;09;56;15.01;.00;
2025;05;09;57;15.08;4.64;
2025;05;09;58;15.01;4.19;
2025;05;09;59;15.01;5.11;
2025;05;09;60;15.08;7.96;
2025;05;09;61;30.09;3.52;
2025;05;09;62;35.01;5.49;
2025;05;09;63;24.08;8.32;
2025;05;09;64;15.01;7.38;
2025;05;09;65;25.41;8.01;
2025;05;09;66;23.91;8.99;
2025;05;09;67;15.01;9.70;
2025;05;09;68;15.01;14.19;
2025;05;09;69;15.01;.01;
2025;05;09;70;15.01;.01;
2025;05;09;71;27.01;3.52;
2025;05;09;72;34.01;5.50;
2025;05;09;73;15.01;-1.54;
2025;05;09;74;15.01;4.54;
2025;05;09;75;35.01;15.04;
2025;05;09;76;33.09;33.09;
2025;05;09;77;15.01;-2.00;
2025;05;09;78;15.01;.62;
2025;05;09;79;34.55;34.55;
2025;05;09;80;61.70;61.70;
2025;05;09;81;4.04;4.04;
2025;05;09;82;35.36;35.36;
2025;05;09;83;47.42;47.42;
2025;05;09;84;64.06;64.06;
2025;05;09;85;80.27;82.37;
2025;05;09;86;80.27;85.78;
2025;05;09;87;80.27;85.78;
2025;05;09;88;80.27;81.49;
2025;05;09;89;70.01;70.01;
2025;05;09;90;57.74;57.74;
2025;05;09;91;57.64;57.64;
2025;05;09;92;56.39;56.39;
2025;05;09;93;49.75;49.75;
2025;05;09;94;41.69;41.69;
2025;05;09;95;39.76;39.76;
2025;05;09;96;27.70;27.70;
*
