MARGINALPIBC;
2025;05;04;1;51.63;57.54;
2025;05;04;2;51.46;51.46;
2025;05;04;3;44.67;44.67;
2025;05;04;4;34.13;34.13;
2025;05;04;5;32.35;32.35;
2025;05;04;6;30.35;30.35;
2025;05;04;7;30.00;30.00;
2025;05;04;8;20.35;20.35;
2025;05;04;9;33.54;33.54;
2025;05;04;10;29.46;29.46;
2025;05;04;11;26.41;26.41;
2025;05;04;12;22.01;22.01;
2025;05;04;13;27.61;27.61;
2025;05;04;14;29.46;23.39;
2025;05;04;15;29.46;26.31;
2025;05;04;16;29.46;25.00;
2025;05;04;17;27.11;27.11;
2025;05;04;18;26.42;24.19;
2025;05;04;19;26.42;25.00;
2025;05;04;20;26.42;26.19;
2025;05;04;21;17.03;17.03;
2025;05;04;22;22.67;22.67;
2025;05;04;23;26.42;26.42;
2025;05;04;24;27.38;27.38;
2025;05;04;25;26.08;26.08;
2025;05;04;26;26.42;26.42;
2025;05;04;27;23.32;23.32;
2025;05;04;28;18.45;14.00;
2025;05;04;29;29.46;29.46;
2025;05;04;30;29.46;14.00;
2025;05;04;31;29.46;10.12;
2025;05;04;32;29.46;1.07;
2025;05;04;33;18.52;18.52;
2025;05;04;34;11.93;3.52;
2025;05;04;35;11.93;-.50;
2025;05;04;36;11.93;-6.09;
2025;05;04;37;11.93;3.52;
2025;05;04;38;11.93;3.52;
2025;05;04;39;11.93;.00;
2025;05;04;40;11.93;-3.00;
2025;05;04;41;11.93;3.52;
2025;05;04;42;11.93;.65;
2025;05;04;43;11.93;.00;
2025;05;04;44;11.93;.00;
2025;05;04;45;15.93;.00;
2025;05;04;46;11.93;.00;
2025;05;04;47;11.93;.00;
2025;05;04;48;11.93;.00;
2025;05;04;49;29.46;.00;
2025;05;04;50;29.46;.00;
2025;05;04;51;29.46;.00;
2025;05;04;52;26.93;.00;
2025;05;04;53;29.46;-.01;
2025;05;04;54;29.46;-1.54;
2025;05;04;55;26.42;-3.55;
2025;05;04;56;20.93;-4.50;
2025;05;04;57;29.46;-4.00;
2025;05;04;58;29.46;-5.00;
2025;05;04;59;29.46;-5.00;
2025;05;04;60;26.42;-5.00;
2025;05;04;61;18.45;-5.13;
2025;05;04;62;18.45;-4.26;
2025;05;04;63;16.79;-3.00;
2025;05;04;64;16.79;-4.00;
2025;05;04;65;6.09;-9.80;
2025;05;04;66;2.11;-5.00;
2025;05;04;67;2.11;-4.99;
2025;05;04;68;1.42;-4.11;
2025;05;04;69;1.42;-14.13;
2025;05;04;70;2.11;-5.00;
2025;05;04;71;6.09;-2.00;
2025;05;04;72;15.49;-1.54;
2025;05;04;73;9.86;-.02;
2025;05;04;74;15.49;.00;
2025;05;04;75;19.00;.00;
2025;05;04;76;9.86;3.52;
2025;05;04;77;15.94;-1.48;
2025;05;04;78;20.94;.00;
2025;05;04;79;29.46;14.00;
2025;05;04;80;41.20;41.20;
2025;05;04;81;31.13;15.74;
2025;05;04;82;31.13;17.74;
2025;05;04;83;31.13;17.74;
2025;05;04;84;31.13;30.00;
2025;05;04;85;33.00;33.00;
2025;05;04;86;33.00;33.00;
2025;05;04;87;33.00;33.00;
2025;05;04;88;33.00;33.00;
2025;05;04;89;33.00;33.00;
2025;05;04;90;33.00;33.00;
2025;05;04;91;33.00;33.00;
2025;05;04;92;30.00;30.00;
2025;05;04;93;21.51;21.51;
2025;05;04;94;19.41;19.41;
2025;05;04;95;19.78;19.78;
2025;05;04;96;19.41;13.45;
*
