MARGINALPIBC;
2025;06;13;1;142.00;142.00;
2025;06;13;2;139.52;139.52;
2025;06;13;3;130.89;130.89;
2025;06;13;4;128.95;128.95;
2025;06;13;5;125.03;125.03;
2025;06;13;6;124.54;124.54;
2025;06;13;7;122.39;122.39;
2025;06;13;8;120.69;120.69;
2025;06;13;9;115.29;115.29;
2025;06;13;10;114.61;114.61;
2025;06;13;11;113.98;113.98;
2025;06;13;12;113.98;113.98;
2025;06;13;13;112.34;112.34;
2025;06;13;14;112.33;112.33;
2025;06;13;15;111.33;111.33;
2025;06;13;16;111.33;111.33;
2025;06;13;17;111.36;111.36;
2025;06;13;18;111.97;111.97;
2025;06;13;19;114.86;114.86;
2025;06;13;20;114.44;114.44;
2025;06;13;21;112.96;112.96;
2025;06;13;22;112.58;112.58;
2025;06;13;23;116.35;116.35;
2025;06;13;24;118.46;118.46;
2025;06;13;25;115.50;115.50;
2025;06;13;26;115.79;115.79;
2025;06;13;27;124.58;124.58;
2025;06;13;28;126.97;126.97;
2025;06;13;29;138.67;138.67;
2025;06;13;30;129.06;129.06;
2025;06;13;31;126.97;126.97;
2025;06;13;32;118.29;118.29;
2025;06;13;33;129.06;129.06;
2025;06;13;34;125.68;125.68;
2025;06;13;35;101.76;101.76;
2025;06;13;36;89.00;89.00;
2025;06;13;37;86.28;86.28;
2025;06;13;38;70.91;70.91;
2025;06;13;39;86.72;45.42;
2025;06;13;40;86.28;.01;
2025;06;13;41;86.72;38.97;
2025;06;13;42;86.28;15.95;
2025;06;13;43;86.28;.00;
2025;06;13;44;86.28;-2.10;
2025;06;13;45;76.47;25.85;
2025;06;13;46;76.47;3.67;
2025;06;13;47;76.47;.66;
2025;06;13;48;76.47;.00;
2025;06;13;49;75.28;5.50;
2025;06;13;50;75.28;1.83;
2025;06;13;51;75.28;1.38;
2025;06;13;52;75.28;.65;
2025;06;13;53;5.50;.65;
2025;06;13;54;5.50;.00;
2025;06;13;55;5.50;.00;
2025;06;13;56;4.01;.00;
2025;06;13;57;5.80;.00;
2025;06;13;58;5.80;.00;
2025;06;13;59;5.80;.00;
2025;06;13;60;5.76;.00;
2025;06;13;61;5.76;.65;
2025;06;13;62;5.76;.65;
2025;06;13;63;5.76;2.50;
2025;06;13;64;5.76;3.52;
2025;06;13;65;5.76;-2.45;
2025;06;13;66;5.80;.00;
2025;06;13;67;5.80;.65;
2025;06;13;68;5.80;1.72;
2025;06;13;69;5.80;.66;
2025;06;13;70;5.80;3.52;
2025;06;13;71;5.80;4.02;
2025;06;13;72;9.52;9.52;
2025;06;13;73;77.43;.00;
2025;06;13;74;11.93;11.93;
2025;06;13;75;19.43;19.43;
2025;06;13;76;26.42;26.42;
2025;06;13;77;5.00;.01;
2025;06;13;78;48.89;48.89;
2025;06;13;79;85.40;85.40;
2025;06;13;80;98.84;98.84;
2025;06;13;81;76.45;76.45;
2025;06;13;82;96.00;96.00;
2025;06;13;83;105.97;105.97;
2025;06;13;84;116.02;116.02;
2025;06;13;85;118.57;118.57;
2025;06;13;86;115.61;115.61;
2025;06;13;87;119.38;119.38;
2025;06;13;88;119.58;119.58;
2025;06;13;89;117.62;117.62;
2025;06;13;90;117.98;117.98;
2025;06;13;91;116.27;116.27;
2025;06;13;92;110.25;110.25;
2025;06;13;93;108.88;108.88;
2025;06;13;94;108.28;108.28;
2025;06;13;95;103.98;103.98;
2025;06;13;96;101.05;101.05;
*
