MARGINALPIBC;
2025;04;19;1;-0.80;-.80;
2025;04;19;2;-1.00;-1.00;
2025;04;19;3;-1.01;-1.01;
2025;04;19;4;-5.00;-5.00;
2025;04;19;5;0.00;.00;
2025;04;19;6;-0.99;-.99;
2025;04;19;7;-1.54;-1.54;
2025;04;19;8;-3.00;-3.00;
2025;04;19;9;-8.00;-8.00;
2025;04;19;10;-5.00;-5.00;
2025;04;19;11;-3.00;-3.00;
2025;04;19;12;-8.00;-8.00;
2025;04;19;13;0.65;.65;
2025;04;19;14;0.00;.00;
2025;04;19;15;0.00;.00;
2025;04;19;16;-0.99;-.99;
2025;04;19;17;0.00;.00;
2025;04;19;18;0.00;.00;
2025;04;19;19;0.00;.00;
2025;04;19;20;0.00;.00;
2025;04;19;21;0.00;.00;
2025;04;19;22;0.00;.00;
2025;04;19;23;0.00;.00;
2025;04;19;24;-0.48;-.48;
2025;04;19;25;-0.49;-.49;
2025;04;19;26;0.65;.65;
2025;04;19;27;0.00;.00;
2025;04;19;28;1.52;1.52;
2025;04;19;29;-1.01;-1.01;
2025;04;19;30;-0.99;-.99;
2025;04;19;31;0.00;.00;
2025;04;19;32;0.00;.00;
2025;04;19;33;3.52;3.52;
2025;04;19;34;3.52;3.52;
2025;04;19;35;3.52;3.52;
2025;04;19;36;-1.01;-1.01;
2025;04;19;37;0.65;.65;
2025;04;19;38;0.00;.00;
2025;04;19;39;-0.01;-.01;
2025;04;19;40;-0.10;-1.54;
2025;04;19;41;0.00;.00;
2025;04;19;42;-0.01;-.01;
2025;04;19;43;-0.21;-.21;
2025;04;19;44;-0.89;-.89;
2025;04;19;45;0.00;-.21;
2025;04;19;46;-0.50;-.50;
2025;04;19;47;-1.54;-1.54;
2025;04;19;48;-2.97;-2.97;
2025;04;19;49;-1.54;-1.54;
2025;04;19;50;-1.54;-1.54;
2025;04;19;51;-1.64;-1.73;
2025;04;19;52;-1.64;-3.00;
2025;04;19;53;-2.00;-2.00;
2025;04;19;54;-2.00;-2.00;
2025;04;19;55;-2.30;-2.30;
2025;04;19;56;-3.00;-3.00;
2025;04;19;57;-3.00;-3.00;
2025;04;19;58;-2.20;-2.20;
2025;04;19;59;-2.20;-2.20;
2025;04;19;60;-2.20;-2.20;
2025;04;19;61;-4.10;-4.20;
2025;04;19;62;-4.00;-4.00;
2025;04;19;63;-3.00;-3.00;
2025;04;19;64;-3.00;-3.00;
2025;04;19;65;-8.01;-9.50;
2025;04;19;66;-5.10;-5.10;
2025;04;19;67;-4.00;-4.00;
2025;04;19;68;-3.00;-3.00;
2025;04;19;69;-3.10;-3.10;
2025;04;19;70;-3.00;-3.00;
2025;04;19;71;-2.20;-2.20;
2025;04;19;72;-2.00;-2.00;
2025;04;19;73;-1.54;-1.54;
2025;04;19;74;-0.21;-.21;
2025;04;19;75;0.00;.00;
2025;04;19;76;0.00;.00;
2025;04;19;77;0.00;.00;
2025;04;19;78;0.00;.00;
2025;04;19;79;0.65;.65;
2025;04;19;80;3.52;3.52;
2025;04;19;81;2.38;2.38;
2025;04;19;82;4.31;4.31;
2025;04;19;83;6.91;6.91;
2025;04;19;84;8.28;8.28;
2025;04;19;85;6.00;6.00;
2025;04;19;86;6.00;6.00;
2025;04;19;87;6.00;6.00;
2025;04;19;88;6.00;6.00;
2025;04;19;89;5.55;5.55;
2025;04;19;90;5.55;5.55;
2025;04;19;91;5.04;5.04;
2025;04;19;92;4.55;4.55;
2025;04;19;93;4.00;4.00;
2025;04;19;94;5.00;5.00;
2025;04;19;95;4.90;4.90;
2025;04;19;96;4.00;4.00;
*
