MARGINALPIBC;
2025;05;28;1;83.26;83.26;
2025;05;28;2;70.99;70.99;
2025;05;28;3;57.90;57.90;
2025;05;28;4;35.01;35.01;
2025;05;28;5;62.77;62.77;
2025;05;28;6;55.99;55.99;
2025;05;28;7;33.26;33.26;
2025;05;28;8;31.78;31.78;
2025;05;28;9;56.00;56.00;
2025;05;28;10;43.78;43.78;
2025;05;28;11;47.86;47.86;
2025;05;28;12;30.01;30.01;
2025;05;28;13;37.00;37.00;
2025;05;28;14;33.26;33.26;
2025;05;28;15;32.52;32.52;
2025;05;28;16;33.26;33.26;
2025;05;28;17;32.00;32.00;
2025;05;28;18;32.00;32.00;
2025;05;28;19;32.52;32.52;
2025;05;28;20;33.26;33.26;
2025;05;28;21;37.00;37.00;
2025;05;28;22;54.23;54.23;
2025;05;28;23;45.90;45.90;
2025;05;28;24;61.07;61.07;
2025;05;28;25;60.99;60.99;
2025;05;28;26;70.99;70.99;
2025;05;28;27;73.54;73.54;
2025;05;28;28;83.87;83.87;
2025;05;28;29;81.75;81.75;
2025;05;28;30;81.62;81.62;
2025;05;28;31;70.99;70.99;
2025;05;28;32;64.95;64.95;
2025;05;28;33;75.00;75.00;
2025;05;28;34;61.97;61.97;
2025;05;28;35;40.40;40.40;
2025;05;28;36;4.00;4.00;
2025;05;28;37;55.01;32.20;
2025;05;28;38;55.01;22.06;
2025;05;28;39;26.87;.00;
2025;05;28;40;26.87;-5.00;
2025;05;28;41;20.33;14.75;
2025;05;28;42;15.48;6.00;
2025;05;28;43;10.01;1.72;
2025;05;28;44;15.48;.00;
2025;05;28;45;55.01;.99;
2025;05;28;46;10.01;.65;
2025;05;28;47;10.01;.00;
2025;05;28;48;10.01;.00;
2025;05;28;49;10.68;.00;
2025;05;28;50;10.01;.00;
2025;05;28;51;10.01;.00;
2025;05;28;52;10.01;.00;
2025;05;28;53;13.42;.00;
2025;05;28;54;10.01;.00;
2025;05;28;55;10.01;-.01;
2025;05;28;56;10.01;-.01;
2025;05;28;57;9.51;-.07;
2025;05;28;58;9.51;-.07;
2025;05;28;59;9.51;-2.36;
2025;05;28;60;9.51;-5.50;
2025;05;28;61;10.01;-3.10;
2025;05;28;62;10.01;-5.50;
2025;05;28;63;10.01;-5.60;
2025;05;28;64;10.01;-5.50;
2025;05;28;65;10.01;-.50;
2025;05;28;66;10.01;-.62;
2025;05;28;67;10.01;-.62;
2025;05;28;68;10.01;-.07;
2025;05;28;69;10.01;-.07;
2025;05;28;70;10.01;-.01;
2025;05;28;71;10.01;.00;
2025;05;28;72;19.18;.00;
2025;05;28;73;7.03;.00;
2025;05;28;74;10.01;3.52;
2025;05;28;75;19.10;6.80;
2025;05;28;76;55.01;28.03;
2025;05;28;77;18.03;-6.54;
2025;05;28;78;26.49;.00;
2025;05;28;79;38.19;28.50;
2025;05;28;80;65.01;65.01;
2025;05;28;81;16.05;16.05;
2025;05;28;82;53.18;53.18;
2025;05;28;83;76.03;76.03;
2025;05;28;84;90.62;90.62;
2025;05;28;85;93.27;93.27;
2025;05;28;86;97.73;97.73;
2025;05;28;87;93.00;100.46;
2025;05;28;88;99.96;99.96;
2025;05;28;89;102.79;102.79;
2025;05;28;90;100.86;100.86;
2025;05;28;91;98.77;98.77;
2025;05;28;92;97.86;97.86;
2025;05;28;93;89.99;89.99;
2025;05;28;94;78.59;78.59;
2025;05;28;95;75.88;75.88;
2025;05;28;96;67.93;67.93;
*
