MARGINALPIBC;
2025;06;01;1;80.97;80.97;
2025;06;01;2;60.00;60.00;
2025;06;01;3;36.91;36.91;
2025;06;01;4;14.21;14.21;
2025;06;01;5;41.28;41.28;
2025;06;01;6;27.20;27.20;
2025;06;01;7;32.67;32.67;
2025;06;01;8;18.85;18.85;
2025;06;01;9;31.01;31.01;
2025;06;01;10;21.03;21.03;
2025;06;01;11;25.01;25.01;
2025;06;01;12;20.57;20.57;
2025;06;01;13;14.10;14.10;
2025;06;01;14;13.16;13.16;
2025;06;01;15;16.91;16.91;
2025;06;01;16;15.83;15.83;
2025;06;01;17;14.21;14.21;
2025;06;01;18;8.13;8.13;
2025;06;01;19;6.47;6.47;
2025;06;01;20;6.47;6.47;
2025;06;01;21;14.21;14.21;
2025;06;01;22;7.03;7.03;
2025;06;01;23;6.47;6.47;
2025;06;01;24;6.47;6.47;
2025;06;01;25;22.06;22.06;
2025;06;01;26;14.21;14.21;
2025;06;01;27;15.52;15.52;
2025;06;01;28;13.79;13.79;
2025;06;01;29;85.47;21.08;
2025;06;01;30;82.22;9.00;
2025;06;01;31;66.47;6.06;
2025;06;01;32;66.47;7.03;
2025;06;01;33;59.73;18.83;
2025;06;01;34;52.40;4.29;
2025;06;01;35;24.11;-.11;
2025;06;01;36;5.00;-4.76;
2025;06;01;37;68.43;10.49;
2025;06;01;38;68.43;1.72;
2025;06;01;39;67.41;.00;
2025;06;01;40;24.11;-2.06;
2025;06;01;41;65.01;2.12;
2025;06;01;42;21.56;-.11;
2025;06;01;43;14.21;-.30;
2025;06;01;44;14.21;-5.00;
2025;06;01;45;28.47;.00;
2025;06;01;46;20.33;-.50;
2025;06;01;47;6.99;-1.05;
2025;06;01;48;6.99;-5.00;
2025;06;01;49;20.33;-.50;
2025;06;01;50;11.55;-2.74;
2025;06;01;51;8.55;-3.00;
2025;06;01;52;8.55;-4.18;
2025;06;01;53;20.33;-5.80;
2025;06;01;54;20.33;-6.00;
2025;06;01;55;11.55;-6.00;
2025;06;01;56;11.55;-6.00;
2025;06;01;57;21.00;-5.80;
2025;06;01;58;20.33;-5.80;
2025;06;01;59;6.00;-6.00;
2025;06;01;60;6.00;-6.00;
2025;06;01;61;20.33;-6.00;
2025;06;01;62;10.79;-6.00;
2025;06;01;63;10.79;-8.29;
2025;06;01;64;10.79;-6.00;
2025;06;01;65;5.76;-7.46;
2025;06;01;66;5.76;-5.00;
2025;06;01;67;5.76;-4.00;
2025;06;01;68;5.76;-2.72;
2025;06;01;69;5.99;-6.00;
2025;06;01;70;5.99;-.20;
2025;06;01;71;5.99;.00;
2025;06;01;72;24.11;3.52;
2025;06;01;73;6.54;-9.06;
2025;06;01;74;6.47;-.11;
2025;06;01;75;14.31;3.52;
2025;06;01;76;28.47;18.76;
2025;06;01;77;15.47;-.71;
2025;06;01;78;15.47;8.00;
2025;06;01;79;23.20;23.20;
2025;06;01;80;52.27;52.27;
2025;06;01;81;-5.25;-5.25;
2025;06;01;82;2.14;2.14;
2025;06;01;83;27.00;27.00;
2025;06;01;84;60.06;60.06;
2025;06;01;85;35.55;35.55;
2025;06;01;86;40.70;40.70;
2025;06;01;87;44.61;44.61;
2025;06;01;88;43.55;43.55;
2025;06;01;89;56.96;56.96;
2025;06;01;90;54.51;54.51;
2025;06;01;91;62.46;62.46;
2025;06;01;92;52.96;52.96;
2025;06;01;93;52.90;52.90;
2025;06;01;94;42.68;42.68;
2025;06;01;95;40.41;40.41;
2025;06;01;96;31.91;31.91;
*
