MARGINALPIBC;
2025;07;04;1;132.74;132.74;
2025;07;04;2;132.74;132.74;
2025;07;04;3;125.62;125.62;
2025;07;04;4;118.62;118.62;
2025;07;04;5;129.48;129.48;
2025;07;04;6;127.90;127.90;
2025;07;04;7;122.82;122.82;
2025;07;04;8;119.78;119.78;
2025;07;04;9;123.01;123.01;
2025;07;04;10;122.82;122.82;
2025;07;04;11;118.02;118.02;
2025;07;04;12;118.02;118.02;
2025;07;04;13;107.26;107.26;
2025;07;04;14;107.26;107.26;
2025;07;04;15;107.26;107.26;
2025;07;04;16;107.26;107.26;
2025;07;04;17;107.52;107.52;
2025;07;04;18;107.52;107.52;
2025;07;04;19;107.52;107.52;
2025;07;04;20;107.52;107.52;
2025;07;04;21;108.33;108.33;
2025;07;04;22;108.33;108.33;
2025;07;04;23;116.84;116.84;
2025;07;04;24;122.82;122.82;
2025;07;04;25;111.54;111.54;
2025;07;04;26;120.42;120.42;
2025;07;04;27;126.04;126.04;
2025;07;04;28;127.70;127.70;
2025;07;04;29;127.62;127.62;
2025;07;04;30;127.47;127.47;
2025;07;04;31;122.82;122.82;
2025;07;04;32;113.87;113.87;
2025;07;04;33;138.74;138.74;
2025;07;04;34;119.00;119.00;
2025;07;04;35;100.51;100.51;
2025;07;04;36;80.01;80.01;
2025;07;04;37;104.82;104.82;
2025;07;04;38;96.80;96.80;
2025;07;04;39;84.63;84.63;
2025;07;04;40;71.01;71.01;
2025;07;04;41;91.14;91.14;
2025;07;04;42;87.56;87.56;
2025;07;04;43;87.56;87.56;
2025;07;04;44;87.56;87.56;
2025;07;04;45;87.14;87.14;
2025;07;04;46;86.51;86.51;
2025;07;04;47;85.24;85.24;
2025;07;04;48;85.24;85.24;
2025;07;04;49;88.12;88.12;
2025;07;04;50;89.04;89.04;
2025;07;04;51;89.40;89.40;
2025;07;04;52;89.40;89.40;
2025;07;04;53;90.85;90.85;
2025;07;04;54;90.72;90.72;
2025;07;04;55;91.74;91.74;
2025;07;04;56;91.04;91.04;
2025;07;04;57;89.61;89.61;
2025;07;04;58;90.04;90.04;
2025;07;04;59;90.10;90.10;
2025;07;04;60;90.10;90.10;
2025;07;04;61;89.77;89.77;
2025;07;04;62;90.04;90.04;
2025;07;04;63;89.84;89.84;
2025;07;04;64;90.10;90.10;
2025;07;04;65;88.14;88.14;
2025;07;04;66;88.14;88.14;
2025;07;04;67;88.79;88.79;
2025;07;04;68;90.04;90.04;
2025;07;04;69;88.99;88.99;
2025;07;04;70;90.98;90.98;
2025;07;04;71;92.92;92.92;
2025;07;04;72;106.34;106.34;
2025;07;04;73;90.26;90.26;
2025;07;04;74;96.82;96.82;
2025;07;04;75;107.03;107.03;
2025;07;04;76;118.02;118.02;
2025;07;04;77;82.70;82.70;
2025;07;04;78;102.38;102.38;
2025;07;04;79;113.50;113.50;
2025;07;04;80;128.50;128.50;
2025;07;04;81;93.77;93.77;
2025;07;04;82;113.90;113.90;
2025;07;04;83;129.99;129.99;
2025;07;04;84;149.40;149.40;
2025;07;04;85;139.26;139.26;
2025;07;04;86;139.51;139.51;
2025;07;04;87;141.55;141.55;
2025;07;04;88;142.05;142.05;
2025;07;04;89;149.93;149.93;
2025;07;04;90;147.01;147.01;
2025;07;04;91;139.99;139.99;
2025;07;04;92;138.03;138.03;
2025;07;04;93;147.01;147.01;
2025;07;04;94;138.88;138.88;
2025;07;04;95;132.85;132.85;
2025;07;04;96;124.47;124.47;
*
