MARGINALPIBC;
2025;06;24;1;144.80;144.80;
2025;06;24;2;139.82;139.82;
2025;06;24;3;130.98;130.98;
2025;06;24;4;127.82;127.82;
2025;06;24;5;130.08;130.08;
2025;06;24;6;128.50;128.50;
2025;06;24;7;128.50;128.50;
2025;06;24;8;125.97;125.97;
2025;06;24;9;128.50;128.50;
2025;06;24;10;126.88;126.88;
2025;06;24;11;124.97;124.97;
2025;06;24;12;124.54;124.54;
2025;06;24;13;125.92;125.92;
2025;06;24;14;125.52;125.52;
2025;06;24;15;125.52;125.52;
2025;06;24;16;125.92;125.92;
2025;06;24;17;125.52;125.52;
2025;06;24;18;125.92;125.92;
2025;06;24;19;128.50;128.50;
2025;06;24;20;127.96;127.96;
2025;06;24;21;126.88;126.88;
2025;06;24;22;126.21;126.21;
2025;06;24;23;126.21;126.21;
2025;06;24;24;130.08;130.08;
2025;06;24;25;130.08;130.08;
2025;06;24;26;130.50;130.50;
2025;06;24;27;131.70;131.70;
2025;06;24;28;132.30;132.30;
2025;06;24;29;133.20;133.20;
2025;06;24;30;133.20;133.20;
2025;06;24;31;132.73;132.73;
2025;06;24;32;131.40;131.40;
2025;06;24;33;130.50;130.50;
2025;06;24;34;128.50;128.50;
2025;06;24;35;123.90;123.90;
2025;06;24;36;107.86;107.86;
2025;06;24;37;128.50;128.50;
2025;06;24;38;123.67;123.67;
2025;06;24;39;108.00;108.00;
2025;06;24;40;98.77;98.77;
2025;06;24;41;115.52;115.52;
2025;06;24;42;105.49;105.49;
2025;06;24;43;81.47;81.47;
2025;06;24;44;50.55;50.55;
2025;06;24;45;77.00;77.00;
2025;06;24;46;66.04;66.04;
2025;06;24;47;57.69;57.69;
2025;06;24;48;43.05;43.05;
2025;06;24;49;84.26;84.26;
2025;06;24;50;71.75;71.75;
2025;06;24;51;66.75;66.75;
2025;06;24;52;61.74;61.74;
2025;06;24;53;42.78;42.78;
2025;06;24;54;42.78;42.78;
2025;06;24;55;37.29;37.29;
2025;06;24;56;30.29;30.29;
2025;06;24;57;17.00;17.00;
2025;06;24;58;17.00;17.00;
2025;06;24;59;17.00;17.00;
2025;06;24;60;16.23;16.23;
2025;06;24;61;7.50;7.50;
2025;06;24;62;7.20;7.20;
2025;06;24;63;7.50;7.50;
2025;06;24;64;10.01;10.01;
2025;06;24;65;7.20;7.20;
2025;06;24;66;7.20;7.20;
2025;06;24;67;7.50;7.50;
2025;06;24;68;13.30;13.30;
2025;06;24;69;21.16;21.16;
2025;06;24;70;22.07;22.07;
2025;06;24;71;28.08;28.08;
2025;06;24;72;48.06;48.06;
2025;06;24;73;39.52;39.52;
2025;06;24;74;50.55;50.55;
2025;06;24;75;72.61;72.61;
2025;06;24;76;88.81;88.81;
2025;06;24;77;61.50;61.50;
2025;06;24;78;77.32;77.32;
2025;06;24;79;100.51;100.51;
2025;06;24;80;124.05;124.05;
2025;06;24;81;95.06;95.06;
2025;06;24;82;107.40;107.40;
2025;06;24;83;128.99;128.99;
2025;06;24;84;138.03;138.03;
2025;06;24;85;142.74;142.74;
2025;06;24;86;146.80;146.80;
2025;06;24;87;153.39;153.39;
2025;06;24;88;159.99;159.99;
2025;06;24;89;169.47;169.47;
2025;06;24;90;165.02;165.02;
2025;06;24;91;160.52;160.52;
2025;06;24;92;154.52;154.52;
2025;06;24;93;136.81;136.81;
2025;06;24;94;136.59;136.59;
2025;06;24;95;131.81;131.81;
2025;06;24;96;125.97;125.97;
*
