MARGINALPIBC;
2025;06;11;1;107.62;107.62;
2025;06;11;2;101.89;101.89;
2025;06;11;3;100.00;100.00;
2025;06;11;4;98.69;98.69;
2025;06;11;5;102.22;102.22;
2025;06;11;6;100.55;100.55;
2025;06;11;7;100.00;100.00;
2025;06;11;8;99.12;99.12;
2025;06;11;9;98.00;98.00;
2025;06;11;10;96.95;96.95;
2025;06;11;11;96.07;96.07;
2025;06;11;12;96.07;96.07;
2025;06;11;13;96.00;96.00;
2025;06;11;14;96.00;96.00;
2025;06;11;15;96.00;96.00;
2025;06;11;16;96.00;96.00;
2025;06;11;17;95.98;95.98;
2025;06;11;18;94.61;94.61;
2025;06;11;19;94.00;94.00;
2025;06;11;20;92.95;92.95;
2025;06;11;21;94.02;94.02;
2025;06;11;22;94.02;94.02;
2025;06;11;23;94.02;94.02;
2025;06;11;24;94.02;94.02;
2025;06;11;25;96.00;96.00;
2025;06;11;26;98.00;98.00;
2025;06;11;27;100.00;100.00;
2025;06;11;28;105.40;105.40;
2025;06;11;29;100.95;100.95;
2025;06;11;30;105.40;105.40;
2025;06;11;31;105.40;105.40;
2025;06;11;32;104.25;104.25;
2025;06;11;33;109.58;109.58;
2025;06;11;34;105.40;105.40;
2025;06;11;35;100.98;100.98;
2025;06;11;36;98.00;98.00;
2025;06;11;37;105.40;105.40;
2025;06;11;38;101.62;101.62;
2025;06;11;39;96.95;96.95;
2025;06;11;40;95.24;95.24;
2025;06;11;41;94.62;94.62;
2025;06;11;42;93.14;93.14;
2025;06;11;43;88.64;88.64;
2025;06;11;44;77.95;77.95;
2025;06;11;45;49.99;49.99;
2025;06;11;46;39.49;39.49;
2025;06;11;47;9.99;9.99;
2025;06;11;48;-2.10;-2.10;
2025;06;11;49;14.43;12.28;
2025;06;11;50;21.28;8.68;
2025;06;11;51;20.33;3.80;
2025;06;11;52;19.28;-.01;
2025;06;11;53;5.05;5.05;
2025;06;11;54;5.76;2.43;
2025;06;11;55;5.76;.65;
2025;06;11;56;5.76;-.01;
2025;06;11;57;3.57;1.75;
2025;06;11;58;4.31;1.46;
2025;06;11;59;4.31;.99;
2025;06;11;60;4.31;-.01;
2025;06;11;61;1.15;.65;
2025;06;11;62;1.15;.65;
2025;06;11;63;2.00;2.00;
2025;06;11;64;3.52;3.52;
2025;06;11;65;4.31;-3.10;
2025;06;11;66;4.31;-2.50;
2025;06;11;67;4.31;3.52;
2025;06;11;68;4.31;3.52;
2025;06;11;69;4.31;.83;
2025;06;11;70;4.31;1.46;
2025;06;11;71;6.00;6.00;
2025;06;11;72;8.50;8.50;
2025;06;11;73;19.90;19.90;
2025;06;11;74;20.50;20.50;
2025;06;11;75;39.30;39.30;
2025;06;11;76;65.00;65.00;
2025;06;11;77;55.00;55.00;
2025;06;11;78;73.50;73.50;
2025;06;11;79;86.25;86.25;
2025;06;11;80;95.35;95.35;
2025;06;11;81;89.94;89.94;
2025;06;11;82;94.63;94.63;
2025;06;11;83;101.44;101.44;
2025;06;11;84;111.70;111.70;
2025;06;11;85;100.60;100.60;
2025;06;11;86;104.39;104.39;
2025;06;11;87;106.50;106.50;
2025;06;11;88;107.49;107.49;
2025;06;11;89;104.81;104.81;
2025;06;11;90;103.33;103.33;
2025;06;11;91;102.27;102.27;
2025;06;11;92;100.95;100.95;
2025;06;11;93;100.25;100.25;
2025;06;11;94;99.68;99.68;
2025;06;11;95;97.58;97.58;
2025;06;11;96;96.00;96.00;
*
