MARGINALPIBC;
2025;07;23;1;116.11;116.11;
2025;07;23;2;116.11;116.11;
2025;07;23;3;116.00;116.00;
2025;07;23;4;103.59;103.59;
2025;07;23;5;111.54;111.54;
2025;07;23;6;111.33;111.33;
2025;07;23;7;107.53;107.53;
2025;07;23;8;97.40;97.40;
2025;07;23;9;104.45;104.45;
2025;07;23;10;104.45;104.45;
2025;07;23;11;104.45;104.45;
2025;07;23;12;103.02;103.02;
2025;07;23;13;101.15;101.15;
2025;07;23;14;101.15;101.15;
2025;07;23;15;101.15;101.15;
2025;07;23;16;103.02;103.02;
2025;07;23;17;103.02;103.02;
2025;07;23;18;103.02;103.02;
2025;07;23;19;104.98;104.98;
2025;07;23;20;109.35;109.35;
2025;07;23;21;111.46;111.46;
2025;07;23;22;111.54;111.54;
2025;07;23;23;111.54;111.54;
2025;07;23;24;111.46;111.46;
2025;07;23;25;111.30;111.30;
2025;07;23;26;111.46;111.46;
2025;07;23;27;111.81;111.81;
2025;07;23;28;112.51;112.51;
2025;07;23;29;121.39;121.39;
2025;07;23;30;121.39;121.39;
2025;07;23;31;121.39;121.39;
2025;07;23;32;117.75;117.75;
2025;07;23;33;116.66;116.66;
2025;07;23;34;112.16;112.16;
2025;07;23;35;96.50;96.50;
2025;07;23;36;76.70;76.70;
2025;07;23;37;102.54;102.54;
2025;07;23;38;92.41;92.41;
2025;07;23;39;71.10;71.10;
2025;07;23;40;65.55;65.55;
2025;07;23;41;84.35;84.35;
2025;07;23;42;65.55;65.55;
2025;07;23;43;60.33;60.33;
2025;07;23;44;41.96;41.96;
2025;07;23;45;58.14;58.14;
2025;07;23;46;32.65;32.65;
2025;07;23;47;18.64;18.64;
2025;07;23;48;4.06;4.06;
2025;07;23;49;60.33;60.33;
2025;07;23;50;55.77;55.77;
2025;07;23;51;55.99;55.99;
2025;07;23;52;48.31;48.31;
2025;07;23;53;48.24;48.24;
2025;07;23;54;49.88;49.88;
2025;07;23;55;46.27;46.27;
2025;07;23;56;43.61;43.61;
2025;07;23;57;39.88;39.88;
2025;07;23;58;40.92;40.92;
2025;07;23;59;40.96;40.96;
2025;07;23;60;39.73;39.73;
2025;07;23;61;45.98;45.98;
2025;07;23;62;47.01;47.01;
2025;07;23;63;46.78;46.78;
2025;07;23;64;48.00;48.00;
2025;07;23;65;47.20;47.20;
2025;07;23;66;47.45;47.45;
2025;07;23;67;47.45;47.45;
2025;07;23;68;51.70;51.70;
2025;07;23;69;48.80;48.80;
2025;07;23;70;51.74;51.74;
2025;07;23;71;56.76;56.76;
2025;07;23;72;57.26;57.26;
2025;07;23;73;46.63;46.63;
2025;07;23;74;52.11;52.11;
2025;07;23;75;56.22;56.22;
2025;07;23;76;78.82;78.82;
2025;07;23;77;45.20;45.20;
2025;07;23;78;63.92;63.92;
2025;07;23;79;83.71;83.71;
2025;07;23;80;91.82;91.82;
2025;07;23;81;65.55;65.55;
2025;07;23;82;86.25;86.25;
2025;07;23;83;100.16;100.16;
2025;07;23;84;111.33;111.33;
2025;07;23;85;98.94;98.94;
2025;07;23;86;100.00;100.00;
2025;07;23;87;100.10;100.10;
2025;07;23;88;100.00;100.00;
2025;07;23;89;98.96;98.96;
2025;07;23;90;97.75;97.75;
2025;07;23;91;94.24;94.24;
2025;07;23;92;89.96;89.96;
2025;07;23;93;97.79;97.79;
2025;07;23;94;94.79;94.79;
2025;07;23;95;90.35;90.35;
2025;07;23;96;81.42;81.42;
*
