MARGINALPIBC;
2025;06;03;1;75.14;75.14;
2025;06;03;2;72.47;72.47;
2025;06;03;3;70.00;70.00;
2025;06;03;4;69.41;69.41;
2025;06;03;5;76.76;76.76;
2025;06;03;6;73.81;73.81;
2025;06;03;7;69.76;69.76;
2025;06;03;8;69.75;69.75;
2025;06;03;9;69.75;69.75;
2025;06;03;10;64.16;64.16;
2025;06;03;11;67.41;67.41;
2025;06;03;12;69.75;69.75;
2025;06;03;13;69.76;69.76;
2025;06;03;14;69.76;69.76;
2025;06;03;15;69.76;69.76;
2025;06;03;16;69.76;69.76;
2025;06;03;17;69.75;69.75;
2025;06;03;18;69.75;69.75;
2025;06;03;19;69.76;69.76;
2025;06;03;20;69.76;69.76;
2025;06;03;21;69.41;69.41;
2025;06;03;22;69.41;69.41;
2025;06;03;23;72.13;72.13;
2025;06;03;24;75.14;75.14;
2025;06;03;25;72.13;72.13;
2025;06;03;26;72.13;72.13;
2025;06;03;27;77.43;78.54;
2025;06;03;28;77.43;85.69;
2025;06;03;29;77.43;87.81;
2025;06;03;30;77.43;83.93;
2025;06;03;31;77.43;77.43;
2025;06;03;32;72.47;72.47;
2025;06;03;33;90.22;90.22;
2025;06;03;34;83.62;83.62;
2025;06;03;35;72.13;72.13;
2025;06;03;36;52.19;52.19;
2025;06;03;37;75.02;75.02;
2025;06;03;38;55.93;55.93;
2025;06;03;39;30.00;30.00;
2025;06;03;40;12.47;12.47;
2025;06;03;41;61.45;61.45;
2025;06;03;42;40.02;40.02;
2025;06;03;43;21.35;21.35;
2025;06;03;44;20.95;20.95;
2025;06;03;45;15.00;15.00;
2025;06;03;46;17.78;10.00;
2025;06;03;47;20.33;3.52;
2025;06;03;48;17.78;1.25;
2025;06;03;49;15.40;6.53;
2025;06;03;50;15.40;3.52;
2025;06;03;51;15.40;3.52;
2025;06;03;52;15.40;3.52;
2025;06;03;53;6.54;1.99;
2025;06;03;54;6.54;1.92;
2025;06;03;55;6.47;1.72;
2025;06;03;56;5.76;.85;
2025;06;03;57;5.99;.65;
2025;06;03;58;5.99;.65;
2025;06;03;59;5.98;.65;
2025;06;03;60;5.98;.65;
2025;06;03;61;5.98;.00;
2025;06;03;62;5.98;.00;
2025;06;03;63;5.98;.00;
2025;06;03;64;5.76;.00;
2025;06;03;65;5.79;.00;
2025;06;03;66;4.78;.00;
2025;06;03;67;3.73;.00;
2025;06;03;68;3.73;.85;
2025;06;03;69;3.73;-.83;
2025;06;03;70;3.73;.66;
2025;06;03;71;3.73;3.52;
2025;06;03;72;3.73;3.52;
2025;06;03;73;4.57;4.57;
2025;06;03;74;12.21;12.21;
2025;06;03;75;17.71;17.71;
2025;06;03;76;28.59;28.59;
2025;06;03;77;18.15;18.15;
2025;06;03;78;33.47;33.47;
2025;06;03;79;44.07;44.07;
2025;06;03;80;65.45;65.45;
2025;06;03;81;29.91;29.91;
2025;06;03;82;50.87;50.87;
2025;06;03;83;76.16;76.16;
2025;06;03;84;87.62;87.62;
2025;06;03;85;102.20;102.20;
2025;06;03;86;108.12;108.12;
2025;06;03;87;109.24;109.24;
2025;06;03;88;109.24;109.24;
2025;06;03;89;108.97;108.97;
2025;06;03;90;108.78;108.78;
2025;06;03;91;106.67;106.67;
2025;06;03;92;100.78;100.78;
2025;06;03;93;99.05;99.05;
2025;06;03;94;96.47;96.47;
2025;06;03;95;91.25;91.25;
2025;06;03;96;86.92;86.92;
*
