MARGINALPIBC;
2025;07;07;1;84.70;84.70;
2025;07;07;2;86.65;86.65;
2025;07;07;3;79.50;79.50;
2025;07;07;4;75.21;75.21;
2025;07;07;5;77.71;77.71;
2025;07;07;6;75.76;75.76;
2025;07;07;7;76.94;76.94;
2025;07;07;8;76.94;76.94;
2025;07;07;9;91.25;91.25;
2025;07;07;10;90.00;90.00;
2025;07;07;11;90.00;90.00;
2025;07;07;12;90.00;90.00;
2025;07;07;13;94.26;94.26;
2025;07;07;14;94.95;94.95;
2025;07;07;15;94.26;94.26;
2025;07;07;16;94.26;94.26;
2025;07;07;17;95.00;95.00;
2025;07;07;18;92.25;92.25;
2025;07;07;19;91.19;91.19;
2025;07;07;20;92.25;92.25;
2025;07;07;21;85.50;85.50;
2025;07;07;22;90.00;90.00;
2025;07;07;23;92.56;92.56;
2025;07;07;24;85.50;85.50;
2025;07;07;25;74.40;74.40;
2025;07;07;26;78.46;78.46;
2025;07;07;27;91.33;91.33;
2025;07;07;28;92.56;92.56;
2025;07;07;29;108.50;108.50;
2025;07;07;30;103.65;103.65;
2025;07;07;31;94.65;94.65;
2025;07;07;32;72.83;72.83;
2025;07;07;33;106.65;106.65;
2025;07;07;34;96.00;96.00;
2025;07;07;35;70.37;70.37;
2025;07;07;36;21.85;21.85;
2025;07;07;37;87.40;87.40;
2025;07;07;38;77.51;77.51;
2025;07;07;39;21.78;21.78;
2025;07;07;40;-0.19;-.19;
2025;07;07;41;49.60;49.60;
2025;07;07;42;46.50;46.50;
2025;07;07;43;19.91;19.91;
2025;07;07;44;7.05;7.05;
2025;07;07;45;28.59;28.59;
2025;07;07;46;31.07;31.07;
2025;07;07;47;28.91;28.91;
2025;07;07;48;24.11;24.11;
2025;07;07;49;61.01;61.01;
2025;07;07;50;46.72;46.72;
2025;07;07;51;35.01;35.01;
2025;07;07;52;29.26;29.26;
2025;07;07;53;36.00;36.00;
2025;07;07;54;32.29;32.29;
2025;07;07;55;26.00;26.00;
2025;07;07;56;18.70;18.70;
2025;07;07;57;25.50;25.50;
2025;07;07;58;22.80;22.80;
2025;07;07;59;25.50;25.50;
2025;07;07;60;25.50;25.50;
2025;07;07;61;18.60;18.60;
2025;07;07;62;14.19;14.19;
2025;07;07;63;14.00;14.00;
2025;07;07;64;12.36;12.36;
2025;07;07;65;4.31;4.31;
2025;07;07;66;4.31;3.60;
2025;07;07;67;4.31;1.10;
2025;07;07;68;4.31;3.79;
2025;07;07;69;1.81;1.81;
2025;07;07;70;1.97;1.97;
2025;07;07;71;5.11;5.11;
2025;07;07;72;5.11;5.11;
2025;07;07;73;10.01;5.11;
2025;07;07;74;10.01;8.68;
2025;07;07;75;24.11;24.00;
2025;07;07;76;34.00;34.00;
2025;07;07;77;11.78;-5.00;
2025;07;07;78;45.05;.01;
2025;07;07;79;70.06;58.39;
2025;07;07;80;86.74;86.74;
2025;07;07;81;75.00;-.01;
2025;07;07;82;85.00;40.01;
2025;07;07;83;85.00;77.00;
2025;07;07;84;93.63;93.63;
2025;07;07;85;65.34;65.34;
2025;07;07;86;85.79;85.79;
2025;07;07;87;85.75;85.75;
2025;07;07;88;85.74;85.74;
2025;07;07;89;89.85;89.85;
2025;07;07;90;86.48;86.48;
2025;07;07;91;83.85;83.85;
2025;07;07;92;81.82;81.82;
2025;07;07;93;85.59;85.59;
2025;07;07;94;79.27;79.27;
2025;07;07;95;65.94;65.94;
2025;07;07;96;50.00;50.00;
*
