MARGINALPIBC;
2025;07;03;1;112.95;112.95;
2025;07;03;2;113.96;113.96;
2025;07;03;3;110.96;110.96;
2025;07;03;4;110.96;110.96;
2025;07;03;5;109.00;109.00;
2025;07;03;6;109.00;109.00;
2025;07;03;7;109.00;109.00;
2025;07;03;8;105.97;105.97;
2025;07;03;9;109.12;109.09;
2025;07;03;10;109.12;106.94;
2025;07;03;11;105.12;105.12;
2025;07;03;12;101.48;101.48;
2025;07;03;13;134.72;101.24;
2025;07;03;14;134.72;99.35;
2025;07;03;15;98.17;98.17;
2025;07;03;16;97.90;97.90;
2025;07;03;17;96.30;96.30;
2025;07;03;18;96.30;96.30;
2025;07;03;19;96.30;96.30;
2025;07;03;20;96.68;96.68;
2025;07;03;21;100.18;100.18;
2025;07;03;22;99.35;99.35;
2025;07;03;23;100.18;100.18;
2025;07;03;24;100.18;100.18;
2025;07;03;25;105.78;105.78;
2025;07;03;26;109.81;109.81;
2025;07;03;27;112.92;112.92;
2025;07;03;28;117.85;117.85;
2025;07;03;29;123.00;123.00;
2025;07;03;30;120.86;120.86;
2025;07;03;31;116.67;116.67;
2025;07;03;32;109.60;109.60;
2025;07;03;33;120.63;120.63;
2025;07;03;34;105.00;105.00;
2025;07;03;35;99.31;99.31;
2025;07;03;36;71.16;71.16;
2025;07;03;37;90.01;90.01;
2025;07;03;38;83.10;83.10;
2025;07;03;39;74.30;74.30;
2025;07;03;40;59.77;59.77;
2025;07;03;41;85.98;85.98;
2025;07;03;42;85.42;85.42;
2025;07;03;43;76.84;76.84;
2025;07;03;44;61.90;61.90;
2025;07;03;45;75.58;75.58;
2025;07;03;46;66.68;66.68;
2025;07;03;47;66.18;66.18;
2025;07;03;48;70.58;70.58;
2025;07;03;49;54.26;54.26;
2025;07;03;50;52.15;52.15;
2025;07;03;51;56.43;56.43;
2025;07;03;52;57.16;57.16;
2025;07;03;53;48.20;48.20;
2025;07;03;54;47.20;47.20;
2025;07;03;55;55.79;55.79;
2025;07;03;56;55.20;55.20;
2025;07;03;57;49.23;49.23;
2025;07;03;58;49.43;49.43;
2025;07;03;59;49.53;49.53;
2025;07;03;60;49.63;49.63;
2025;07;03;61;63.47;63.47;
2025;07;03;62;63.01;63.01;
2025;07;03;63;62.34;62.34;
2025;07;03;64;62.78;62.78;
2025;07;03;65;73.72;73.72;
2025;07;03;66;74.61;74.61;
2025;07;03;67;77.94;77.94;
2025;07;03;68;81.88;81.88;
2025;07;03;69;86.00;86.00;
2025;07;03;70;88.02;88.02;
2025;07;03;71;92.69;92.69;
2025;07;03;72;94.75;94.75;
2025;07;03;73;86.71;86.71;
2025;07;03;74;92.76;92.76;
2025;07;03;75;99.20;99.20;
2025;07;03;76;105.97;105.97;
2025;07;03;77;79.61;79.61;
2025;07;03;78;95.42;95.42;
2025;07;03;79;102.04;102.04;
2025;07;03;80;119.90;119.90;
2025;07;03;81;93.80;93.80;
2025;07;03;82;113.02;113.02;
2025;07;03;83;119.59;119.59;
2025;07;03;84;137.80;137.80;
2025;07;03;85;132.49;132.49;
2025;07;03;86;133.14;133.14;
2025;07;03;87;133.24;133.24;
2025;07;03;88;133.24;133.24;
2025;07;03;89;131.14;131.14;
2025;07;03;90;130.34;130.34;
2025;07;03;91;126.31;126.31;
2025;07;03;92;115.00;115.00;
2025;07;03;93;120.49;120.49;
2025;07;03;94;114.97;114.97;
2025;07;03;95;109.80;109.80;
2025;07;03;96;107.41;107.41;
*
