MARGINALPIBC;
2025;06;30;1;125.50;125.50;
2025;06;30;2;125.08;125.08;
2025;06;30;3;118.81;118.81;
2025;06;30;4;100.40;100.40;
2025;06;30;5;123.79;123.79;
2025;06;30;6;119.66;119.66;
2025;06;30;7;115.18;115.18;
2025;06;30;8;114.29;114.29;
2025;06;30;9;114.69;114.69;
2025;06;30;10;112.80;112.80;
2025;06;30;11;112.80;112.80;
2025;06;30;12;109.17;109.17;
2025;06;30;13;110.73;110.73;
2025;06;30;14;109.51;109.51;
2025;06;30;15;109.51;109.51;
2025;06;30;16;107.73;107.73;
2025;06;30;17;85.50;85.50;
2025;06;30;18;85.51;85.51;
2025;06;30;19;88.90;88.90;
2025;06;30;20;90.28;90.28;
2025;06;30;21;85.90;85.90;
2025;06;30;22;94.75;94.75;
2025;06;30;23;100.00;100.00;
2025;06;30;24;106.95;106.95;
2025;06;30;25;100.95;100.95;
2025;06;30;26;100.95;100.95;
2025;06;30;27;115.00;115.00;
2025;06;30;28;122.28;122.28;
2025;06;30;29;130.68;130.68;
2025;06;30;30;130.00;130.00;
2025;06;30;31;124.63;124.63;
2025;06;30;32;112.99;112.99;
2025;06;30;33;139.16;139.16;
2025;06;30;34;132.25;132.25;
2025;06;30;35;100.95;100.95;
2025;06;30;36;84.98;84.98;
2025;06;30;37;123.00;123.00;
2025;06;30;38;105.61;105.61;
2025;06;30;39;90.18;90.18;
2025;06;30;40;77.39;77.39;
2025;06;30;41;89.66;89.66;
2025;06;30;42;88.33;88.33;
2025;06;30;43;88.01;88.01;
2025;06;30;44;88.33;88.33;
2025;06;30;45;89.66;89.66;
2025;06;30;46;88.63;88.63;
2025;06;30;47;88.60;88.60;
2025;06;30;48;89.66;89.66;
2025;06;30;49;89.94;89.94;
2025;06;30;50;89.95;89.95;
2025;06;30;51;90.00;90.00;
2025;06;30;52;90.00;90.00;
2025;06;30;53;89.03;89.03;
2025;06;30;54;90.00;90.00;
2025;06;30;55;90.00;90.00;
2025;06;30;56;89.95;89.95;
2025;06;30;57;87.97;87.97;
2025;06;30;58;88.60;88.60;
2025;06;30;59;89.94;89.94;
2025;06;30;60;89.95;89.95;
2025;06;30;61;90.23;90.23;
2025;06;30;62;90.65;90.65;
2025;06;30;63;90.75;90.75;
2025;06;30;64;90.80;90.80;
2025;06;30;65;94.31;94.31;
2025;06;30;66;95.68;95.68;
2025;06;30;67;96.82;96.82;
2025;06;30;68;95.77;95.77;
2025;06;30;69;93.69;93.69;
2025;06;30;70;97.27;97.27;
2025;06;30;71;101.60;101.60;
2025;06;30;72;114.51;114.51;
2025;06;30;73;90.04;90.04;
2025;06;30;74;100.06;100.06;
2025;06;30;75;112.04;112.04;
2025;06;30;76;121.11;121.11;
2025;06;30;77;103.37;103.37;
2025;06;30;78;115.38;115.38;
2025;06;30;79;138.71;138.71;
2025;06;30;80;161.38;161.38;
2025;06;30;81;131.99;131.99;
2025;06;30;82;146.00;146.00;
2025;06;30;83;184.55;184.55;
2025;06;30;84;195.00;195.00;
2025;06;30;85;200.00;200.00;
2025;06;30;86;217.86;217.86;
2025;06;30;87;218.57;218.57;
2025;06;30;88;202.72;202.72;
2025;06;30;89;198.49;198.49;
2025;06;30;90;188.40;188.40;
2025;06;30;91;174.98;174.98;
2025;06;30;92;154.50;154.50;
2025;06;30;93;149.42;149.42;
2025;06;30;94;140.65;140.65;
2025;06;30;95;138.00;138.00;
2025;06;30;96;132.86;132.86;
*
