MARGINALPIBC;
2025;06;04;1;96.80;96.80;
2025;06;04;2;94.04;94.04;
2025;06;04;3;90.07;90.07;
2025;06;04;4;89.13;89.13;
2025;06;04;5;92.08;92.08;
2025;06;04;6;90.27;90.27;
2025;06;04;7;89.17;89.17;
2025;06;04;8;86.67;86.67;
2025;06;04;9;87.06;87.06;
2025;06;04;10;85.52;85.52;
2025;06;04;11;84.52;84.52;
2025;06;04;12;84.48;84.48;
2025;06;04;13;80.00;80.00;
2025;06;04;14;79.35;79.35;
2025;06;04;15;75.00;75.00;
2025;06;04;16;80.00;80.00;
2025;06;04;17;80.75;80.75;
2025;06;04;18;75.00;75.00;
2025;06;04;19;81.92;81.92;
2025;06;04;20;83.64;83.64;
2025;06;04;21;75.00;75.00;
2025;06;04;22;75.12;75.12;
2025;06;04;23;75.13;75.13;
2025;06;04;24;82.52;82.52;
2025;06;04;25;74.42;74.42;
2025;06;04;26;83.49;83.49;
2025;06;04;27;90.04;90.04;
2025;06;04;28;91.64;91.64;
2025;06;04;29;75.12;100.92;
2025;06;04;30;75.12;100.50;
2025;06;04;31;96.00;96.00;
2025;06;04;32;89.02;89.02;
2025;06;04;33;92.00;92.00;
2025;06;04;34;82.00;82.00;
2025;06;04;35;69.97;69.97;
2025;06;04;36;40.41;40.41;
2025;06;04;37;67.37;67.37;
2025;06;04;38;89.02;47.30;
2025;06;04;39;89.02;-6.00;
2025;06;04;40;59.85;-7.25;
2025;06;04;41;65.28;26.80;
2025;06;04;42;65.28;.00;
2025;06;04;43;64.10;-6.00;
2025;06;04;44;53.60;-6.00;
2025;06;04;45;90.62;-.50;
2025;06;04;46;89.68;-.14;
2025;06;04;47;89.68;-.01;
2025;06;04;48;89.68;-1.27;
2025;06;04;49;77.69;9.10;
2025;06;04;50;77.69;6.50;
2025;06;04;51;77.69;6.50;
2025;06;04;52;57.77;6.50;
2025;06;04;53;90.62;9.02;
2025;06;04;54;89.68;9.02;
2025;06;04;55;71.01;5.00;
2025;06;04;56;71.01;2.90;
2025;06;04;57;58.02;1.89;
2025;06;04;58;55.01;2.91;
2025;06;04;59;57.77;1.72;
2025;06;04;60;57.77;3.02;
2025;06;04;61;65.28;.85;
2025;06;04;62;65.28;.85;
2025;06;04;63;65.28;.56;
2025;06;04;64;65.28;.00;
2025;06;04;65;26.46;-6.00;
2025;06;04;66;24.11;-6.00;
2025;06;04;67;24.11;-.50;
2025;06;04;68;26.46;.50;
2025;06;04;69;23.99;9.37;
2025;06;04;70;24.11;9.77;
2025;06;04;71;24.11;10.77;
2025;06;04;72;24.11;14.89;
2025;06;04;73;33.04;-4.60;
2025;06;04;74;33.04;11.22;
2025;06;04;75;33.54;33.54;
2025;06;04;76;47.65;47.65;
2025;06;04;77;30.00;30.00;
2025;06;04;78;57.00;57.00;
2025;06;04;79;73.00;73.00;
2025;06;04;80;81.88;81.88;
2025;06;04;81;62.31;62.31;
2025;06;04;82;77.54;77.54;
2025;06;04;83;101.71;101.71;
2025;06;04;84;113.38;113.38;
2025;06;04;85;114.31;114.31;
2025;06;04;86;116.43;116.43;
2025;06;04;87;117.00;117.00;
2025;06;04;88;114.31;114.31;
2025;06;04;89;111.11;111.11;
2025;06;04;90;111.11;111.11;
2025;06;04;91;103.11;103.11;
2025;06;04;92;90.22;90.22;
2025;06;04;93;98.26;98.26;
2025;06;04;94;94.84;94.84;
2025;06;04;95;91.19;91.19;
2025;06;04;96;89.44;89.44;
*
