MARGINALPIBC;
2025;05;19;1;29.90;29.90;
2025;05;19;2;10.83;10.83;
2025;05;19;3;10.32;10.32;
2025;05;19;4;7.00;7.00;
2025;05;19;5;10.99;10.99;
2025;05;19;6;10.97;10.97;
2025;05;19;7;13.02;13.02;
2025;05;19;8;10.06;10.06;
2025;05;19;9;9.90;9.90;
2025;05;19;10;9.90;9.90;
2025;05;19;11;9.83;9.83;
2025;05;19;12;7.00;7.00;
2025;05;19;13;9.90;9.90;
2025;05;19;14;9.90;9.90;
2025;05;19;15;9.90;9.90;
2025;05;19;16;9.90;9.90;
2025;05;19;17;9.90;9.90;
2025;05;19;18;9.90;9.90;
2025;05;19;19;9.50;9.50;
2025;05;19;20;9.50;9.50;
2025;05;19;21;9.50;9.50;
2025;05;19;22;9.90;9.90;
2025;05;19;23;9.94;9.94;
2025;05;19;24;25.90;25.90;
2025;05;19;25;6.61;6.61;
2025;05;19;26;7.00;7.00;
2025;05;19;27;9.90;9.90;
2025;05;19;28;9.90;9.90;
2025;05;19;29;11.90;26.99;
2025;05;19;30;28.15;28.15;
2025;05;19;31;17.99;17.99;
2025;05;19;32;11.90;11.90;
2025;05;19;33;33.10;33.10;
2025;05;19;34;18.85;18.85;
2025;05;19;35;8.02;8.02;
2025;05;19;36;3.90;3.90;
2025;05;19;37;29.90;29.90;
2025;05;19;38;20.90;20.90;
2025;05;19;39;5.51;3.52;
2025;05;19;40;5.51;-.04;
2025;05;19;41;5.90;3.52;
2025;05;19;42;5.90;3.52;
2025;05;19;43;5.90;1.72;
2025;05;19;44;5.90;.01;
2025;05;19;45;5.69;3.52;
2025;05;19;46;5.69;.65;
2025;05;19;47;5.59;.00;
2025;05;19;48;5.69;.00;
2025;05;19;49;5.48;.57;
2025;05;19;50;5.48;.01;
2025;05;19;51;5.48;.00;
2025;05;19;52;5.48;.00;
2025;05;19;53;10.38;.01;
2025;05;19;54;5.48;.01;
2025;05;19;55;5.48;.00;
2025;05;19;56;5.48;.00;
2025;05;19;57;4.41;.00;
2025;05;19;58;4.41;.00;
2025;05;19;59;4.41;.00;
2025;05;19;60;4.41;.00;
2025;05;19;61;4.41;-.04;
2025;05;19;62;4.31;-.42;
2025;05;19;63;4.31;-.55;
2025;05;19;64;4.31;-1.00;
2025;05;19;65;4.10;-1.00;
2025;05;19;66;4.31;-1.01;
2025;05;19;67;4.31;-1.54;
2025;05;19;68;4.31;-1.50;
2025;05;19;69;4.31;-1.01;
2025;05;19;70;4.31;-.50;
2025;05;19;71;4.31;-.04;
2025;05;19;72;4.31;-.01;
2025;05;19;73;4.31;-.04;
2025;05;19;74;4.31;-.04;
2025;05;19;75;4.31;.00;
2025;05;19;76;5.76;.99;
2025;05;19;77;4.31;-10.44;
2025;05;19;78;4.31;-.62;
2025;05;19;79;20.90;3.52;
2025;05;19;80;20.90;10.69;
2025;05;19;81;3.90;-2.00;
2025;05;19;82;4.10;4.10;
2025;05;19;83;22.20;22.20;
2025;05;19;84;49.90;49.90;
2025;05;19;85;37.50;37.50;
2025;05;19;86;39.83;39.83;
2025;05;19;87;35.94;35.94;
2025;05;19;88;32.44;32.44;
2025;05;19;89;42.23;42.23;
2025;05;19;90;36.22;36.22;
2025;05;19;91;36.22;36.22;
2025;05;19;92;29.94;29.94;
2025;05;19;93;29.85;29.85;
2025;05;19;94;29.85;29.85;
2025;05;19;95;28.40;28.40;
2025;05;19;96;19.88;19.88;
*
