MARGINALPIBC;
2025;05;14;1;80.43;80.43;
2025;05;14;2;71.82;71.82;
2025;05;14;3;39.11;39.11;
2025;05;14;4;21.14;21.14;
2025;05;14;5;48.18;48.18;
2025;05;14;6;42.33;42.33;
2025;05;14;7;32.88;32.88;
2025;05;14;8;21.14;21.14;
2025;05;14;9;56.20;56.20;
2025;05;14;10;44.18;44.18;
2025;05;14;11;32.20;32.20;
2025;05;14;12;24.56;24.56;
2025;05;14;13;37.91;37.91;
2025;05;14;14;35.58;35.58;
2025;05;14;15;35.42;35.42;
2025;05;14;16;32.41;32.41;
2025;05;14;17;33.85;33.85;
2025;05;14;18;33.51;33.51;
2025;05;14;19;33.27;33.27;
2025;05;14;20;34.57;34.57;
2025;05;14;21;30.79;30.79;
2025;05;14;22;40.15;40.15;
2025;05;14;23;45.90;45.90;
2025;05;14;24;55.55;55.55;
2025;05;14;25;30.00;30.00;
2025;05;14;26;42.58;42.58;
2025;05;14;27;47.08;47.08;
2025;05;14;28;61.00;61.00;
2025;05;14;29;77.80;88.55;
2025;05;14;30;91.53;91.53;
2025;05;14;31;95.00;95.00;
2025;05;14;32;32.17;89.86;
2025;05;14;33;90.35;90.35;
2025;05;14;34;86.76;86.76;
2025;05;14;35;47.14;47.14;
2025;05;14;36;12.73;12.73;
2025;05;14;37;81.74;81.74;
2025;05;14;38;46.59;46.59;
2025;05;14;39;27.80;27.80;
2025;05;14;40;11.23;-12.19;
2025;05;14;41;20.18;20.18;
2025;05;14;42;14.13;7.03;
2025;05;14;43;11.23;-3.96;
2025;05;14;44;7.59;-16.11;
2025;05;14;45;14.13;13.98;
2025;05;14;46;7.59;1.72;
2025;05;14;47;7.59;.00;
2025;05;14;48;7.59;-2.00;
2025;05;14;49;0.00;.00;
2025;05;14;50;-0.01;-.01;
2025;05;14;51;-0.01;-.01;
2025;05;14;52;-0.01;-.01;
2025;05;14;53;4.31;-.50;
2025;05;14;54;-1.54;-1.54;
2025;05;14;55;-3.00;-3.00;
2025;05;14;56;-3.00;-3.00;
2025;05;14;57;8.16;-1.01;
2025;05;14;58;-1.00;-1.00;
2025;05;14;59;-1.54;-1.54;
2025;05;14;60;-1.65;-1.65;
2025;05;14;61;10.88;-2.54;
2025;05;14;62;50.00;-2.11;
2025;05;14;63;30.88;-.44;
2025;05;14;64;20.88;.00;
2025;05;14;65;15.00;-10.89;
2025;05;14;66;15.00;-1.89;
2025;05;14;67;15.00;-.01;
2025;05;14;68;15.00;.00;
2025;05;14;69;11.00;-10.01;
2025;05;14;70;11.00;-.09;
2025;05;14;71;11.00;.00;
2025;05;14;72;11.00;.65;
2025;05;14;73;15.00;-.50;
2025;05;14;74;15.00;5.17;
2025;05;14;75;25.00;25.00;
2025;05;14;76;40.17;40.17;
2025;05;14;77;11.09;-10.00;
2025;05;14;78;-0.01;-.01;
2025;05;14;79;23.09;23.09;
2025;05;14;80;31.59;31.59;
2025;05;14;81;11.50;11.50;
2025;05;14;82;27.58;27.58;
2025;05;14;83;51.50;51.50;
2025;05;14;84;59.50;59.50;
2025;05;14;85;25.14;57.19;
2025;05;14;86;25.14;64.03;
2025;05;14;87;25.14;66.79;
2025;05;14;88;57.63;57.63;
2025;05;14;89;21.14;67.66;
2025;05;14;90;21.14;53.95;
2025;05;14;91;21.14;56.36;
2025;05;14;92;52.83;52.83;
2025;05;14;93;52.14;52.14;
2025;05;14;94;45.64;45.64;
2025;05;14;95;39.11;39.11;
2025;05;14;96;34.17;34.17;
*
