MARGINALPIBC;
2025;05;23;1;20.22;20.22;
2025;05;23;2;1.11;1.11;
2025;05;23;3;-6.21;-6.21;
2025;05;23;4;-7.10;-7.10;
2025;05;23;5;7.69;7.69;
2025;05;23;6;2.84;2.84;
2025;05;23;7;2.91;2.91;
2025;05;23;8;2.49;2.49;
2025;05;23;9;3.52;3.52;
2025;05;23;10;3.17;3.17;
2025;05;23;11;0.37;.37;
2025;05;23;12;-0.61;-.61;
2025;05;23;13;2.44;2.44;
2025;05;23;14;-0.04;-.04;
2025;05;23;15;0.80;.80;
2025;05;23;16;0.00;.00;
2025;05;23;17;0.11;.11;
2025;05;23;18;0.11;.11;
2025;05;23;19;0.11;.11;
2025;05;23;20;0.11;.11;
2025;05;23;21;-0.10;-.10;
2025;05;23;22;2.24;2.24;
2025;05;23;23;4.63;4.63;
2025;05;23;24;15.90;15.90;
2025;05;23;25;-4.84;-4.84;
2025;05;23;26;1.06;1.06;
2025;05;23;27;16.16;16.16;
2025;05;23;28;19.16;19.16;
2025;05;23;29;22.34;22.34;
2025;05;23;30;22.84;22.84;
2025;05;23;31;22.84;22.84;
2025;05;23;32;2.34;2.34;
2025;05;23;33;29.86;29.86;
2025;05;23;34;14.73;14.73;
2025;05;23;35;2.05;2.05;
2025;05;23;36;-3.51;-3.51;
2025;05;23;37;21.72;21.72;
2025;05;23;38;6.00;5.00;
2025;05;23;39;6.00;1.72;
2025;05;23;40;5.76;-2.69;
2025;05;23;41;5.76;3.52;
2025;05;23;42;5.76;.65;
2025;05;23;43;4.31;.00;
2025;05;23;44;-0.94;-.94;
2025;05;23;45;5.76;.00;
2025;05;23;46;5.00;.00;
2025;05;23;47;0.00;.00;
2025;05;23;48;0.00;.00;
2025;05;23;49;6.00;-.04;
2025;05;23;50;4.76;-.01;
2025;05;23;51;0.76;-.01;
2025;05;23;52;0.76;-.01;
2025;05;23;53;5.76;-.04;
2025;05;23;54;3.90;-.04;
2025;05;23;55;-0.10;-.10;
2025;05;23;56;-0.10;-.50;
2025;05;23;57;7.19;-.54;
2025;05;23;58;7.19;-.54;
2025;05;23;59;6.00;-.54;
2025;05;23;60;7.19;-1.04;
2025;05;23;61;3.90;-1.54;
2025;05;23;62;4.31;-2.00;
2025;05;23;63;4.95;-2.50;
2025;05;23;64;7.40;-2.13;
2025;05;23;65;6.00;-1.54;
2025;05;23;66;7.19;-1.54;
2025;05;23;67;6.00;-1.54;
2025;05;23;68;7.19;-1.54;
2025;05;23;69;7.40;-1.54;
2025;05;23;70;7.40;-1.50;
2025;05;23;71;7.40;-1.39;
2025;05;23;72;7.40;-.54;
2025;05;23;73;8.16;-.45;
2025;05;23;74;8.16;-.04;
2025;05;23;75;10.66;.00;
2025;05;23;76;42.16;.85;
2025;05;23;77;5.00;-2.45;
2025;05;23;78;5.76;.65;
2025;05;23;79;42.16;3.52;
2025;05;23;80;42.16;9.85;
2025;05;23;81;10.76;-6.39;
2025;05;23;82;42.16;.00;
2025;05;23;83;31.94;31.94;
2025;05;23;84;33.15;33.15;
2025;05;23;85;26.00;26.00;
2025;05;23;86;30.00;30.00;
2025;05;23;87;31.00;31.00;
2025;05;23;88;27.02;27.02;
2025;05;23;89;22.89;22.89;
2025;05;23;90;17.94;17.94;
2025;05;23;91;12.94;12.94;
2025;05;23;92;2.94;2.94;
2025;05;23;93;12.58;12.58;
2025;05;23;94;7.08;7.08;
2025;05;23;95;3.58;3.58;
2025;05;23;96;3.58;3.58;
*
