MARGINALPIBC;
2025;07;19;1;96.81;96.81;
2025;07;19;2;94.19;94.19;
2025;07;19;3;81.38;81.38;
2025;07;19;4;71.20;71.20;
2025;07;19;5;86.62;86.62;
2025;07;19;6;86.10;86.10;
2025;07;19;7;78.60;78.60;
2025;07;19;8;65.51;65.51;
2025;07;19;9;87.76;87.76;
2025;07;19;10;72.00;72.00;
2025;07;19;11;72.00;72.00;
2025;07;19;12;72.00;72.00;
2025;07;19;13;67.99;67.99;
2025;07;19;14;69.99;69.99;
2025;07;19;15;67.99;67.99;
2025;07;19;16;79.69;79.69;
2025;07;19;17;79.99;79.99;
2025;07;19;18;70.12;70.12;
2025;07;19;19;66.00;66.00;
2025;07;19;20;60.01;60.01;
2025;07;19;21;66.99;66.99;
2025;07;19;22;67.74;67.74;
2025;07;19;23;67.74;67.74;
2025;07;19;24;67.74;67.74;
2025;07;19;25;50.01;50.01;
2025;07;19;26;52.78;52.78;
2025;07;19;27;50.01;50.01;
2025;07;19;28;50.01;50.01;
2025;07;19;29;50.01;50.01;
2025;07;19;30;45.00;45.00;
2025;07;19;31;40.51;40.51;
2025;07;19;32;41.00;41.00;
2025;07;19;33;87.26;87.26;
2025;07;19;34;56.23;56.23;
2025;07;19;35;46.12;46.12;
2025;07;19;36;6.60;6.60;
2025;07;19;37;79.83;79.83;
2025;07;19;38;53.83;53.83;
2025;07;19;39;39.00;39.00;
2025;07;19;40;9.80;8.99;
2025;07;19;41;46.11;46.11;
2025;07;19;42;13.11;13.11;
2025;07;19;43;5.76;.00;
2025;07;19;44;5.52;-9.22;
2025;07;19;45;5.00;5.00;
2025;07;19;46;4.31;.00;
2025;07;19;47;4.31;-2.21;
2025;07;19;48;4.31;-8.19;
2025;07;19;49;4.00;.00;
2025;07;19;50;4.00;-1.21;
2025;07;19;51;4.00;-2.10;
2025;07;19;52;3.00;-2.50;
2025;07;19;53;4.00;-3.00;
2025;07;19;54;3.00;-4.00;
2025;07;19;55;3.00;-5.00;
2025;07;19;56;3.00;-8.00;
2025;07;19;57;4.00;-9.27;
2025;07;19;58;3.00;-8.00;
2025;07;19;59;2.50;-1.62;
2025;07;19;60;2.00;.00;
2025;07;19;61;4.00;-6.77;
2025;07;19;62;4.00;-4.24;
2025;07;19;63;4.00;.00;
2025;07;19;64;3.00;.00;
2025;07;19;65;4.00;.00;
2025;07;19;66;4.00;.65;
2025;07;19;67;4.00;.69;
2025;07;19;68;3.00;.85;
2025;07;19;69;4.31;.00;
2025;07;19;70;4.31;.65;
2025;07;19;71;4.31;.85;
2025;07;19;72;4.31;4.31;
2025;07;19;73;4.31;.00;
2025;07;19;74;5.00;.00;
2025;07;19;75;5.52;3.52;
2025;07;19;76;9.02;9.02;
2025;07;19;77;30.01;-5.00;
2025;07;19;78;37.32;15.61;
2025;07;19;79;54.43;54.43;
2025;07;19;80;84.61;84.61;
2025;07;19;81;38.50;38.50;
2025;07;19;82;55.92;55.92;
2025;07;19;83;81.50;81.50;
2025;07;19;84;99.04;99.04;
2025;07;19;85;85.00;85.00;
2025;07;19;86;90.25;90.25;
2025;07;19;87;90.25;90.25;
2025;07;19;88;90.25;90.25;
2025;07;19;89;97.12;97.12;
2025;07;19;90;96.12;96.12;
2025;07;19;91;96.12;96.12;
2025;07;19;92;91.79;91.79;
2025;07;19;93;93.25;93.25;
2025;07;19;94;86.62;86.62;
2025;07;19;95;85.00;85.00;
2025;07;19;96;78.81;78.81;
*
