MARGINALPIBC;
2025;05;25;1;14.09;14.09;
2025;05;25;2;8.34;8.34;
2025;05;25;3;8.13;8.13;
2025;05;25;4;5.00;5.00;
2025;05;25;5;14.05;14.05;
2025;05;25;6;6.90;6.90;
2025;05;25;7;2.85;2.85;
2025;05;25;8;1.00;1.00;
2025;05;25;9;8.91;8.91;
2025;05;25;10;6.65;6.65;
2025;05;25;11;3.91;3.91;
2025;05;25;12;0.16;.16;
2025;05;25;13;7.92;7.92;
2025;05;25;14;7.10;7.10;
2025;05;25;15;6.90;6.90;
2025;05;25;16;6.90;6.90;
2025;05;25;17;7.10;7.10;
2025;05;25;18;7.10;7.10;
2025;05;25;19;7.10;7.10;
2025;05;25;20;7.10;7.10;
2025;05;25;21;5.95;5.95;
2025;05;25;22;4.24;4.24;
2025;05;25;23;6.90;6.90;
2025;05;25;24;7.10;7.10;
2025;05;25;25;7.10;7.10;
2025;05;25;26;7.10;7.10;
2025;05;25;27;7.10;7.10;
2025;05;25;28;7.10;7.10;
2025;05;25;29;16.21;16.21;
2025;05;25;30;9.00;9.00;
2025;05;25;31;6.21;6.21;
2025;05;25;32;-3.50;-3.50;
2025;05;25;33;1.67;1.67;
2025;05;25;34;0.50;.50;
2025;05;25;35;1.00;-6.17;
2025;05;25;36;1.00;-20.00;
2025;05;25;37;39.70;.01;
2025;05;25;38;35.90;-.07;
2025;05;25;39;35.90;-3.85;
2025;05;25;40;35.01;-11.13;
2025;05;25;41;35.01;-.50;
2025;05;25;42;35.01;-1.54;
2025;05;25;43;35.01;-5.00;
2025;05;25;44;29.80;-5.31;
2025;05;25;45;29.80;-5.80;
2025;05;25;46;29.80;-5.80;
2025;05;25;47;6.93;-5.80;
2025;05;25;48;6.43;-6.00;
2025;05;25;49;9.41;-10.00;
2025;05;25;50;9.41;-7.71;
2025;05;25;51;6.91;-7.71;
2025;05;25;52;6.91;-7.71;
2025;05;25;53;9.31;-15.00;
2025;05;25;54;9.31;-15.00;
2025;05;25;55;6.50;-20.00;
2025;05;25;56;6.50;-20.00;
2025;05;25;57;5.10;-18.00;
2025;05;25;58;4.31;-20.00;
2025;05;25;59;4.31;-20.00;
2025;05;25;60;4.31;-24.99;
2025;05;25;61;5.01;-14.00;
2025;05;25;62;4.31;-16.50;
2025;05;25;63;4.31;-20.00;
2025;05;25;64;4.31;-23.99;
2025;05;25;65;4.31;-10.62;
2025;05;25;66;4.31;-12.05;
2025;05;25;67;4.31;-17.91;
2025;05;25;68;4.31;-9.02;
2025;05;25;69;4.31;-15.09;
2025;05;25;70;4.31;-6.00;
2025;05;25;71;4.31;-5.00;
2025;05;25;72;4.31;-1.54;
2025;05;25;73;4.31;-13.99;
2025;05;25;74;4.70;-1.54;
2025;05;25;75;5.05;.00;
2025;05;25;76;6.00;.65;
2025;05;25;77;4.31;-6.00;
2025;05;25;78;4.31;-.07;
2025;05;25;79;6.00;6.00;
2025;05;25;80;39.90;39.90;
2025;05;25;81;-6.00;-6.00;
2025;05;25;82;7.10;7.10;
2025;05;25;83;25.23;25.23;
2025;05;25;84;40.93;40.93;
2025;05;25;85;21.71;21.71;
2025;05;25;86;35.90;35.90;
2025;05;25;87;39.61;39.61;
2025;05;25;88;32.81;32.81;
2025;05;25;89;43.11;43.11;
2025;05;25;90;39.90;39.90;
2025;05;25;91;40.01;40.01;
2025;05;25;92;30.00;30.00;
2025;05;25;93;35.90;35.90;
2025;05;25;94;30.17;30.17;
2025;05;25;95;27.37;27.37;
2025;05;25;96;14.67;14.67;
*
