MARGINALPIBC;
2025;06;07;1;92.00;92.00;
2025;06;07;2;92.08;92.08;
2025;06;07;3;90.23;90.23;
2025;06;07;4;89.00;89.00;
2025;06;07;5;89.93;89.93;
2025;06;07;6;86.22;86.22;
2025;06;07;7;83.02;83.02;
2025;06;07;8;80.10;80.10;
2025;06;07;9;91.96;91.96;
2025;06;07;10;89.93;89.93;
2025;06;07;11;87.31;87.31;
2025;06;07;12;86.22;86.22;
2025;06;07;13;89.86;89.86;
2025;06;07;14;87.31;87.31;
2025;06;07;15;86.22;86.22;
2025;06;07;16;81.00;81.00;
2025;06;07;17;87.31;87.31;
2025;06;07;18;85.59;85.59;
2025;06;07;19;85.48;85.48;
2025;06;07;20;85.18;85.18;
2025;06;07;21;88.85;88.85;
2025;06;07;22;88.01;88.01;
2025;06;07;23;89.00;89.00;
2025;06;07;24;89.07;89.07;
2025;06;07;25;88.74;88.74;
2025;06;07;26;89.00;89.00;
2025;06;07;27;89.19;89.19;
2025;06;07;28;89.19;89.19;
2025;06;07;29;93.80;93.80;
2025;06;07;30;89.00;89.00;
2025;06;07;31;78.80;78.80;
2025;06;07;32;2.50;2.50;
2025;06;07;33;57.20;57.20;
2025;06;07;34;33.31;33.31;
2025;06;07;35;0.98;.98;
2025;06;07;36;-3.27;-3.27;
2025;06;07;37;65.89;24.21;
2025;06;07;38;87.71;16.16;
2025;06;07;39;74.90;.85;
2025;06;07;40;74.90;-3.97;
2025;06;07;41;4.31;.65;
2025;06;07;42;4.31;.65;
2025;06;07;43;4.31;.00;
2025;06;07;44;4.31;.00;
2025;06;07;45;4.31;.65;
2025;06;07;46;4.31;.00;
2025;06;07;47;4.31;.00;
2025;06;07;48;4.31;.00;
2025;06;07;49;4.31;.00;
2025;06;07;50;4.31;.00;
2025;06;07;51;4.31;.00;
2025;06;07;52;4.31;.00;
2025;06;07;53;4.31;.00;
2025;06;07;54;4.31;.00;
2025;06;07;55;4.31;.00;
2025;06;07;56;1.65;-.07;
2025;06;07;57;4.31;.00;
2025;06;07;58;4.31;.00;
2025;06;07;59;4.31;.00;
2025;06;07;60;4.31;-.01;
2025;06;07;61;4.31;.00;
2025;06;07;62;4.31;.00;
2025;06;07;63;4.31;.00;
2025;06;07;64;4.31;-.01;
2025;06;07;65;3.99;-2.17;
2025;06;07;66;3.99;-1.21;
2025;06;07;67;3.99;-.60;
2025;06;07;68;3.99;-.50;
2025;06;07;69;4.31;-.30;
2025;06;07;70;4.31;-.30;
2025;06;07;71;4.31;-.01;
2025;06;07;72;4.31;.00;
2025;06;07;73;4.29;-2.10;
2025;06;07;74;4.31;.00;
2025;06;07;75;4.31;.65;
2025;06;07;76;5.00;3.52;
2025;06;07;77;-1.01;-1.72;
2025;06;07;78;3.52;3.52;
2025;06;07;79;17.59;17.59;
2025;06;07;80;73.15;73.15;
2025;06;07;81;27.61;27.61;
2025;06;07;82;51.00;51.00;
2025;06;07;83;84.00;84.00;
2025;06;07;84;89.99;89.99;
2025;06;07;85;94.74;94.74;
2025;06;07;86;98.90;98.90;
2025;06;07;87;100.69;100.69;
2025;06;07;88;100.20;100.20;
2025;06;07;89;100.20;100.20;
2025;06;07;90;99.00;99.00;
2025;06;07;91;94.97;94.97;
2025;06;07;92;92.51;92.51;
2025;06;07;93;98.96;98.96;
2025;06;07;94;95.00;95.00;
2025;06;07;95;93.85;93.85;
2025;06;07;96;91.99;91.99;
*
