MARGINALPIBC;
2025;06;09;1;95.84;95.84;
2025;06;09;2;94.30;94.30;
2025;06;09;3;91.87;91.87;
2025;06;09;4;90.00;90.00;
2025;06;09;5;92.49;92.49;
2025;06;09;6;91.04;91.04;
2025;06;09;7;89.70;89.70;
2025;06;09;8;88.15;88.15;
2025;06;09;9;89.23;89.23;
2025;06;09;10;88.68;88.68;
2025;06;09;11;88.38;88.38;
2025;06;09;12;88.06;88.06;
2025;06;09;13;87.80;87.80;
2025;06;09;14;88.00;88.00;
2025;06;09;15;87.80;87.80;
2025;06;09;16;88.07;88.07;
2025;06;09;17;80.75;80.75;
2025;06;09;18;82.86;82.86;
2025;06;09;19;86.86;86.86;
2025;06;09;20;88.15;88.15;
2025;06;09;21;85.91;85.91;
2025;06;09;22;87.80;87.80;
2025;06;09;23;89.87;89.87;
2025;06;09;24;92.49;92.49;
2025;06;09;25;87.05;87.05;
2025;06;09;26;89.94;89.94;
2025;06;09;27;92.05;92.05;
2025;06;09;28;92.05;92.05;
2025;06;09;29;91.00;91.00;
2025;06;09;30;92.89;92.89;
2025;06;09;31;90.61;90.61;
2025;06;09;32;87.87;87.87;
2025;06;09;33;97.76;97.76;
2025;06;09;34;92.89;92.89;
2025;06;09;35;81.87;81.87;
2025;06;09;36;54.70;54.70;
2025;06;09;37;69.00;69.00;
2025;06;09;38;59.30;59.30;
2025;06;09;39;39.10;39.10;
2025;06;09;40;9.60;9.60;
2025;06;09;41;38.19;38.19;
2025;06;09;42;22.70;22.70;
2025;06;09;43;14.59;14.59;
2025;06;09;44;14.60;14.60;
2025;06;09;45;14.18;13.67;
2025;06;09;46;14.18;5.17;
2025;06;09;47;14.17;3.52;
2025;06;09;48;14.17;3.52;
2025;06;09;49;13.93;3.52;
2025;06;09;50;13.93;3.52;
2025;06;09;51;13.93;3.52;
2025;06;09;52;13.92;3.72;
2025;06;09;53;13.93;5.22;
2025;06;09;54;13.93;7.22;
2025;06;09;55;13.92;7.22;
2025;06;09;56;13.92;7.22;
2025;06;09;57;8.09;8.09;
2025;06;09;58;8.45;8.45;
2025;06;09;59;8.45;8.45;
2025;06;09;60;8.45;8.45;
2025;06;09;61;7.99;7.99;
2025;06;09;62;8.67;8.67;
2025;06;09;63;8.67;8.67;
2025;06;09;64;8.67;8.67;
2025;06;09;65;7.56;7.56;
2025;06;09;66;8.35;8.35;
2025;06;09;67;11.07;11.07;
2025;06;09;68;18.42;18.42;
2025;06;09;69;14.38;14.38;
2025;06;09;70;17.89;17.89;
2025;06;09;71;20.92;20.92;
2025;06;09;72;35.90;35.90;
2025;06;09;73;45.00;45.00;
2025;06;09;74;55.00;55.00;
2025;06;09;75;55.50;55.50;
2025;06;09;76;75.00;75.00;
2025;06;09;77;65.50;65.50;
2025;06;09;78;83.94;83.94;
2025;06;09;79;92.19;92.19;
2025;06;09;80;99.00;99.00;
2025;06;09;81;87.87;87.87;
2025;06;09;82;100.60;100.60;
2025;06;09;83;118.31;118.31;
2025;06;09;84;125.55;125.55;
2025;06;09;85;126.17;126.17;
2025;06;09;86;129.45;129.45;
2025;06;09;87;130.00;130.00;
2025;06;09;88;127.35;127.35;
2025;06;09;89;116.10;116.10;
2025;06;09;90;111.69;111.69;
2025;06;09;91;106.83;106.83;
2025;06;09;92;100.00;100.00;
2025;06;09;93;104.28;104.28;
2025;06;09;94;100.00;100.00;
2025;06;09;95;99.00;99.00;
2025;06;09;96;95.68;95.68;
*
