MARGINALPIBC;
2025;07;01;1;149.48;149.48;
2025;07;01;2;144.97;144.97;
2025;07;01;3;138.21;138.21;
2025;07;01;4;133.98;133.98;
2025;07;01;5;136.07;136.07;
2025;07;01;6;133.32;133.32;
2025;07;01;7;119.90;119.90;
2025;07;01;8;118.32;118.32;
2025;07;01;9;117.39;117.39;
2025;07;01;10;116.70;116.70;
2025;07;01;11;116.70;116.70;
2025;07;01;12;116.70;116.70;
2025;07;01;13;115.98;115.98;
2025;07;01;14;115.98;115.98;
2025;07;01;15;115.98;115.98;
2025;07;01;16;115.98;115.98;
2025;07;01;17;114.80;114.80;
2025;07;01;18;114.80;114.80;
2025;07;01;19;114.80;114.80;
2025;07;01;20;114.80;114.80;
2025;07;01;21;115.98;115.98;
2025;07;01;22;115.98;115.98;
2025;07;01;23;115.98;115.98;
2025;07;01;24;115.98;115.98;
2025;07;01;25;115.67;115.67;
2025;07;01;26;116.22;116.22;
2025;07;01;27;117.43;117.43;
2025;07;01;28;124.70;124.70;
2025;07;01;29;139.61;139.61;
2025;07;01;30;132.20;132.20;
2025;07;01;31;125.04;125.04;
2025;07;01;32;115.66;115.66;
2025;07;01;33;134.92;134.92;
2025;07;01;34;122.24;122.24;
2025;07;01;35;104.08;104.08;
2025;07;01;36;82.00;82.00;
2025;07;01;37;120.75;120.75;
2025;07;01;38;102.50;102.50;
2025;07;01;39;85.00;85.00;
2025;07;01;40;75.01;75.01;
2025;07;01;41;93.36;93.36;
2025;07;01;42;82.00;82.00;
2025;07;01;43;82.00;82.00;
2025;07;01;44;73.30;73.30;
2025;07;01;45;86.00;86.00;
2025;07;01;46;75.70;75.70;
2025;07;01;47;70.55;70.55;
2025;07;01;48;74.70;74.70;
2025;07;01;49;83.00;83.00;
2025;07;01;50;83.00;83.00;
2025;07;01;51;83.00;83.00;
2025;07;01;52;83.00;83.00;
2025;07;01;53;83.00;83.00;
2025;07;01;54;83.00;83.00;
2025;07;01;55;83.00;83.00;
2025;07;01;56;83.00;83.00;
2025;07;01;57;83.19;83.19;
2025;07;01;58;83.19;83.19;
2025;07;01;59;83.19;83.19;
2025;07;01;60;83.19;83.19;
2025;07;01;61;83.40;83.40;
2025;07;01;62;83.40;83.40;
2025;07;01;63;83.40;83.40;
2025;07;01;64;83.40;83.40;
2025;07;01;65;82.44;82.44;
2025;07;01;66;82.00;82.00;
2025;07;01;67;89.00;89.00;
2025;07;01;68;93.34;93.34;
2025;07;01;69;87.60;87.60;
2025;07;01;70;92.38;92.38;
2025;07;01;71;100.65;100.65;
2025;07;01;72;102.65;102.65;
2025;07;01;73;95.80;95.80;
2025;07;01;74;98.92;98.92;
2025;07;01;75;105.88;105.88;
2025;07;01;76;114.98;114.98;
2025;07;01;77;95.90;95.90;
2025;07;01;78;105.60;105.60;
2025;07;01;79;120.50;120.50;
2025;07;01;80;127.05;127.05;
2025;07;01;81;84.56;84.56;
2025;07;01;82;105.00;105.00;
2025;07;01;83;125.00;125.00;
2025;07;01;84;139.99;139.99;
2025;07;01;85;146.98;146.98;
2025;07;01;86;150.78;150.78;
2025;07;01;87;160.50;160.50;
2025;07;01;88;157.00;157.00;
2025;07;01;89;153.16;153.16;
2025;07;01;90;144.66;144.66;
2025;07;01;91;142.66;142.66;
2025;07;01;92;115.55;115.55;
2025;07;01;93;142.76;142.76;
2025;07;01;94;135.78;135.78;
2025;07;01;95;129.78;129.78;
2025;07;01;96;116.80;116.80;
*
