MARGINALPIBC;
2025;05;15;1;7.00;7.00;
2025;05;15;2;7.00;7.00;
2025;05;15;3;6.59;6.59;
2025;05;15;4;0.66;.66;
2025;05;15;5;6.71;6.71;
2025;05;15;6;0.25;.25;
2025;05;15;7;-0.40;-.40;
2025;05;15;8;-0.56;-.56;
2025;05;15;9;13.47;13.47;
2025;05;15;10;3.44;3.44;
2025;05;15;11;-2.41;-2.41;
2025;05;15;12;-20.62;-20.62;
2025;05;15;13;0.55;.55;
2025;05;15;14;0.00;.00;
2025;05;15;15;-4.95;-4.95;
2025;05;15;16;-4.95;-4.95;
2025;05;15;17;1.63;1.63;
2025;05;15;18;-5.09;-5.09;
2025;05;15;19;1.72;1.72;
2025;05;15;20;0.00;.00;
2025;05;15;21;2.07;2.07;
2025;05;15;22;1.80;1.80;
2025;05;15;23;7.00;7.00;
2025;05;15;24;26.25;26.25;
2025;05;15;25;2.00;2.00;
2025;05;15;26;0.00;.00;
2025;05;15;27;6.36;6.36;
2025;05;15;28;19.52;19.52;
2025;05;15;29;24.51;24.51;
2025;05;15;30;29.01;29.01;
2025;05;15;31;29.01;29.01;
2025;05;15;32;24.51;24.51;
2025;05;15;33;62.25;62.25;
2025;05;15;34;30.99;30.99;
2025;05;15;35;24.11;24.11;
2025;05;15;36;3.83;3.83;
2025;05;15;37;41.78;41.78;
2025;05;15;38;33.32;33.32;
2025;05;15;39;19.04;19.04;
2025;05;15;40;0.00;.00;
2025;05;15;41;11.56;3.52;
2025;05;15;42;11.06;.65;
2025;05;15;43;11.06;-.01;
2025;05;15;44;4.31;-.12;
2025;05;15;45;8.15;.65;
2025;05;15;46;8.15;.00;
2025;05;15;47;8.15;.00;
2025;05;15;48;8.15;.00;
2025;05;15;49;7.63;.00;
2025;05;15;50;8.16;-.01;
2025;05;15;51;11.63;-.01;
2025;05;15;52;11.63;-.09;
2025;05;15;53;13.85;.00;
2025;05;15;54;13.35;-.01;
2025;05;15;55;10.35;-.09;
2025;05;15;56;8.16;-.70;
2025;05;15;57;4.31;-.09;
2025;05;15;58;4.31;-.09;
2025;05;15;59;0.00;-.09;
2025;05;15;60;4.31;-.09;
2025;05;15;61;4.31;-1.54;
2025;05;15;62;0.00;-1.54;
2025;05;15;63;0.00;-1.54;
2025;05;15;64;0.00;-1.54;
2025;05;15;65;4.31;-1.54;
2025;05;15;66;4.31;-1.54;
2025;05;15;67;5.76;-1.54;
2025;05;15;68;5.76;-1.54;
2025;05;15;69;-1.54;-1.54;
2025;05;15;70;0.00;-1.54;
2025;05;15;71;5.38;-1.54;
2025;05;15;72;5.76;-.71;
2025;05;15;73;-0.50;-.50;
2025;05;15;74;-0.09;-.09;
2025;05;15;75;0.00;.00;
2025;05;15;76;5.76;.65;
2025;05;15;77;-2.00;-3.00;
2025;05;15;78;1.00;.00;
2025;05;15;79;14.00;14.00;
2025;05;15;80;59.00;59.00;
2025;05;15;81;-5.09;-5.09;
2025;05;15;82;9.99;9.99;
2025;05;15;83;24.07;24.07;
2025;05;15;84;50.00;50.00;
2025;05;15;85;29.51;29.51;
2025;05;15;86;31.01;31.01;
2025;05;15;87;28.65;28.65;
2025;05;15;88;20.00;20.00;
2025;05;15;89;30.64;30.64;
2025;05;15;90;24.14;24.14;
2025;05;15;91;24.14;24.14;
2025;05;15;92;0.10;.10;
2025;05;15;93;12.98;12.98;
2025;05;15;94;11.98;11.98;
2025;05;15;95;11.48;11.48;
2025;05;15;96;10.00;10.00;
*
