MARGINALPIBC;
2025;05;11;1;20.52;20.52;
2025;05;11;2;20.01;20.01;
2025;05;11;3;17.42;17.42;
2025;05;11;4;12.30;12.30;
2025;05;11;5;21.62;21.62;
2025;05;11;6;18.12;18.12;
2025;05;11;7;16.25;16.25;
2025;05;11;8;10.47;10.47;
2025;05;11;9;17.89;17.89;
2025;05;11;10;7.97;7.97;
2025;05;11;11;1.99;1.99;
2025;05;11;12;1.72;1.72;
2025;05;11;13;8.36;8.36;
2025;05;11;14;5.11;5.11;
2025;05;11;15;3.00;3.00;
2025;05;11;16;0.00;.00;
2025;05;11;17;3.52;3.52;
2025;05;11;18;3.76;3.76;
2025;05;11;19;3.52;3.52;
2025;05;11;20;3.60;3.60;
2025;05;11;21;3.00;3.00;
2025;05;11;22;4.00;4.00;
2025;05;11;23;6.98;6.98;
2025;05;11;24;9.00;9.00;
2025;05;11;25;13.30;13.30;
2025;05;11;26;16.00;16.00;
2025;05;11;27;11.00;11.00;
2025;05;11;28;11.00;11.00;
2025;05;11;29;17.59;17.59;
2025;05;11;30;16.38;16.38;
2025;05;11;31;3.00;3.00;
2025;05;11;32;0.00;.00;
2025;05;11;33;12.03;12.03;
2025;05;11;34;3.52;3.52;
2025;05;11;35;0.00;-3.47;
2025;05;11;36;0.00;-17.84;
2025;05;11;37;0.65;.65;
2025;05;11;38;0.00;.00;
2025;05;11;39;0.00;-2.42;
2025;05;11;40;0.00;-23.99;
2025;05;11;41;0.00;-3.00;
2025;05;11;42;0.00;-10.00;
2025;05;11;43;0.00;-31.01;
2025;05;11;44;0.00;-54.66;
2025;05;11;45;0.31;-29.60;
2025;05;11;46;0.31;-39.00;
2025;05;11;47;0.31;-46.45;
2025;05;11;48;0.31;-50.00;
2025;05;11;49;0.31;-54.98;
2025;05;11;50;0.31;-57.05;
2025;05;11;51;0.31;-51.03;
2025;05;11;52;0.31;-56.99;
2025;05;11;53;0.31;-50.00;
2025;05;11;54;0.31;-50.00;
2025;05;11;55;0.31;-46.45;
2025;05;11;56;0.31;-46.45;
2025;05;11;57;0.00;-46.45;
2025;05;11;58;0.00;-46.45;
2025;05;11;59;0.00;-50.00;
2025;05;11;60;-1.00;-50.00;
2025;05;11;61;0.00;-50.00;
2025;05;11;62;0.00;-50.00;
2025;05;11;63;0.00;-50.00;
2025;05;11;64;0.00;-50.00;
2025;05;11;65;0.00;-45.01;
2025;05;11;66;0.00;-30.00;
2025;05;11;67;0.00;-28.70;
2025;05;11;68;0.00;-10.00;
2025;05;11;69;0.00;-28.28;
2025;05;11;70;0.00;-10.00;
2025;05;11;71;0.00;-5.80;
2025;05;11;72;0.00;-5.52;
2025;05;11;73;0.00;-5.50;
2025;05;11;74;0.00;-3.14;
2025;05;11;75;1.01;-1.54;
2025;05;11;76;1.01;-.09;
2025;05;11;77;0.00;-12.00;
2025;05;11;78;1.05;-3.00;
2025;05;11;79;1.72;1.72;
2025;05;11;80;13.33;3.52;
2025;05;11;81;-6.99;-6.99;
2025;05;11;82;-0.09;-.09;
2025;05;11;83;10.00;10.00;
2025;05;11;84;26.66;26.66;
2025;05;11;85;26.01;26.01;
2025;05;11;86;31.01;31.01;
2025;05;11;87;33.68;33.68;
2025;05;11;88;32.11;32.11;
2025;05;11;89;33.68;33.68;
2025;05;11;90;33.01;33.01;
2025;05;11;91;33.68;33.68;
2025;05;11;92;29.51;29.51;
2025;05;11;93;30.01;30.01;
2025;05;11;94;15.60;15.60;
2025;05;11;95;4.44;4.44;
2025;05;11;96;4.44;4.44;
*
