MARGINALPIBC;
2025;04;25;1;85.00;85.00;
2025;04;25;2;89.51;89.51;
2025;04;25;3;87.51;87.51;
2025;04;25;4;85.00;85.00;
2025;04;25;5;80.51;80.51;
2025;04;25;6;78.77;78.77;
2025;04;25;7;78.26;78.26;
2025;04;25;8;75.01;75.01;
2025;04;25;9;79.55;79.55;
2025;04;25;10;78.42;78.42;
2025;04;25;11;72.85;72.85;
2025;04;25;12;69.39;69.39;
2025;04;25;13;67.51;67.51;
2025;04;25;14;67.51;67.51;
2025;04;25;15;61.31;61.31;
2025;04;25;16;61.31;61.31;
2025;04;25;17;71.11;71.11;
2025;04;25;18;70.00;70.00;
2025;04;25;19;65.20;65.20;
2025;04;25;20;65.20;65.20;
2025;04;25;21;69.00;69.00;
2025;04;25;22;70.00;70.00;
2025;04;25;23;74.99;74.99;
2025;04;25;24;78.89;78.89;
2025;04;25;25;83.52;83.52;
2025;04;25;26;87.86;87.86;
2025;04;25;27;82.82;82.82;
2025;04;25;28;83.52;94.05;
2025;04;25;29;98.01;110.87;
2025;04;25;30;95.50;113.39;
2025;04;25;31;95.50;110.42;
2025;04;25;32;95.50;107.08;
2025;04;25;33;95.50;113.85;
2025;04;25;34;95.50;100.70;
2025;04;25;35;85.47;89.10;
2025;04;25;36;58.25;58.25;
2025;04;25;37;49.90;49.90;
2025;04;25;38;36.00;36.00;
2025;04;25;39;19.63;19.63;
2025;04;25;40;0.00;.00;
2025;04;25;41;15.00;15.00;
2025;04;25;42;15.00;15.00;
2025;04;25;43;9.34;9.34;
2025;04;25;44;4.50;4.50;
2025;04;25;45;4.31;4.31;
2025;04;25;46;1.80;1.80;
2025;04;25;47;0.65;.65;
2025;04;25;48;0.65;.65;
2025;04;25;49;0.10;.10;
2025;04;25;50;0.00;.00;
2025;04;25;51;0.00;.00;
2025;04;25;52;0.00;.00;
2025;04;25;53;0.00;.00;
2025;04;25;54;0.00;.00;
2025;04;25;55;0.00;.00;
2025;04;25;56;0.00;.00;
2025;04;25;57;0.00;.00;
2025;04;25;58;0.00;.00;
2025;04;25;59;0.00;.00;
2025;04;25;60;-0.01;-.01;
2025;04;25;61;-0.22;-.22;
2025;04;25;62;-0.22;-.22;
2025;04;25;63;-0.32;-.32;
2025;04;25;64;-0.32;-.32;
2025;04;25;65;-0.41;-.41;
2025;04;25;66;-2.50;-2.50;
2025;04;25;67;-5.00;-5.00;
2025;04;25;68;-4.20;-4.20;
2025;04;25;69;-0.01;-.01;
2025;04;25;70;-0.01;-.01;
2025;04;25;71;-0.01;-.01;
2025;04;25;72;0.00;.00;
2025;04;25;73;0.00;.00;
2025;04;25;74;0.00;.00;
2025;04;25;75;0.00;.00;
2025;04;25;76;0.00;.00;
2025;04;25;77;0.00;.00;
2025;04;25;78;5.11;5.11;
2025;04;25;79;15.08;15.08;
2025;04;25;80;25.58;25.58;
2025;04;25;81;39.03;42.50;
2025;04;25;82;39.03;69.00;
2025;04;25;83;42.04;71.55;
2025;04;25;84;46.92;77.49;
2025;04;25;85;40.00;102.44;
2025;04;25;86;40.00;100.86;
2025;04;25;87;40.00;99.58;
2025;04;25;88;40.00;89.87;
2025;04;25;89;42.46;67.00;
2025;04;25;90;40.00;67.00;
2025;04;25;91;40.00;67.00;
2025;04;25;92;40.00;67.00;
2025;04;25;93;30.00;30.00;
2025;04;25;94;30.00;30.00;
2025;04;25;95;30.00;30.00;
2025;04;25;96;30.00;30.00;
*
