MARGINALPIBC;
2025;06;28;1;140.55;140.55;
2025;06;28;2;138.00;138.00;
2025;06;28;3;131.00;131.00;
2025;06;28;4;120.12;120.12;
2025;06;28;5;128.30;128.30;
2025;06;28;6;127.92;127.92;
2025;06;28;7;126.80;126.80;
2025;06;28;8;126.50;126.50;
2025;06;28;9;127.40;127.40;
2025;06;28;10;127.50;127.50;
2025;06;28;11;127.40;127.40;
2025;06;28;12;127.40;127.40;
2025;06;28;13;126.50;126.50;
2025;06;28;14;126.50;126.50;
2025;06;28;15;126.50;126.50;
2025;06;28;16;126.50;126.50;
2025;06;28;17;112.04;112.04;
2025;06;28;18;114.03;114.03;
2025;06;28;19;115.04;115.04;
2025;06;28;20;115.60;115.60;
2025;06;28;21;126.50;126.50;
2025;06;28;22;126.50;126.50;
2025;06;28;23;126.50;126.50;
2025;06;28;24;126.50;126.50;
2025;06;28;25;124.20;124.20;
2025;06;28;26;124.20;124.20;
2025;06;28;27;126.50;126.50;
2025;06;28;28;124.35;124.35;
2025;06;28;29;126.80;126.80;
2025;06;28;30;124.20;124.20;
2025;06;28;31;106.00;106.00;
2025;06;28;32;91.80;91.80;
2025;06;28;33;102.55;102.55;
2025;06;28;34;94.06;94.06;
2025;06;28;35;80.35;80.35;
2025;06;28;36;35.55;35.55;
2025;06;28;37;82.22;82.22;
2025;06;28;38;80.99;80.99;
2025;06;28;39;75.22;75.22;
2025;06;28;40;90.55;39.12;
2025;06;28;41;75.00;75.00;
2025;06;28;42;56.00;56.00;
2025;06;28;43;17.00;17.00;
2025;06;28;44;16.10;16.10;
2025;06;28;45;15.04;15.04;
2025;06;28;46;13.62;13.62;
2025;06;28;47;11.33;11.33;
2025;06;28;48;11.33;11.33;
2025;06;28;49;9.31;9.31;
2025;06;28;50;8.16;8.16;
2025;06;28;51;11.31;11.31;
2025;06;28;52;6.35;6.35;
2025;06;28;53;10.68;10.68;
2025;06;28;54;11.31;11.31;
2025;06;28;55;11.31;11.31;
2025;06;28;56;10.68;10.68;
2025;06;28;57;17.76;17.76;
2025;06;28;58;20.33;20.33;
2025;06;28;59;20.33;20.33;
2025;06;28;60;13.40;13.40;
2025;06;28;61;6.35;6.35;
2025;06;28;62;6.35;6.35;
2025;06;28;63;6.67;6.67;
2025;06;28;64;8.30;8.30;
2025;06;28;65;4.31;4.31;
2025;06;28;66;5.11;5.11;
2025;06;28;67;7.62;7.62;
2025;06;28;68;17.75;17.75;
2025;06;28;69;15.76;15.76;
2025;06;28;70;15.26;15.26;
2025;06;28;71;18.12;18.12;
2025;06;28;72;90.55;39.67;
2025;06;28;73;36.10;36.10;
2025;06;28;74;51.50;51.50;
2025;06;28;75;80.09;80.09;
2025;06;28;76;93.73;93.73;
2025;06;28;77;67.80;67.80;
2025;06;28;78;88.46;88.46;
2025;06;28;79;96.26;96.26;
2025;06;28;80;115.32;115.32;
2025;06;28;81;83.57;83.57;
2025;06;28;82;102.47;102.47;
2025;06;28;83;116.95;116.95;
2025;06;28;84;134.23;134.23;
2025;06;28;85;133.33;133.33;
2025;06;28;86;135.55;135.55;
2025;06;28;87;136.84;136.84;
2025;06;28;88;137.33;137.33;
2025;06;28;89;137.65;137.65;
2025;06;28;90;136.84;136.84;
2025;06;28;91;135.45;135.45;
2025;06;28;92;129.70;129.70;
2025;06;28;93;126.50;126.50;
2025;06;28;94;120.00;120.00;
2025;06;28;95;116.45;116.45;
2025;06;28;96;114.11;114.11;
*
