MARGINALPIBC;
2025;07;15;1;113.16;113.16;
2025;07;15;2;105.00;105.00;
2025;07;15;3;96.64;96.64;
2025;07;15;4;86.85;86.85;
2025;07;15;5;110.01;110.01;
2025;07;15;6;103.48;103.48;
2025;07;15;7;87.58;87.58;
2025;07;15;8;87.58;87.58;
2025;07;15;9;94.57;94.57;
2025;07;15;10;87.87;87.87;
2025;07;15;11;80.01;80.01;
2025;07;15;12;80.01;80.01;
2025;07;15;13;85.78;85.78;
2025;07;15;14;83.37;83.37;
2025;07;15;15;80.01;80.01;
2025;07;15;16;80.01;80.01;
2025;07;15;17;96.82;96.82;
2025;07;15;18;96.82;96.82;
2025;07;15;19;96.82;96.82;
2025;07;15;20;96.82;96.82;
2025;07;15;21;95.00;95.00;
2025;07;15;22;90.00;90.00;
2025;07;15;23;95.38;95.38;
2025;07;15;24;107.38;107.38;
2025;07;15;25;96.19;96.19;
2025;07;15;26;96.19;96.19;
2025;07;15;27;109.60;109.60;
2025;07;15;28;119.16;119.16;
2025;07;15;29;134.72;134.72;
2025;07;15;30;132.56;132.56;
2025;07;15;31;120.01;120.01;
2025;07;15;32;103.81;103.81;
2025;07;15;33;134.72;134.72;
2025;07;15;34;123.51;123.51;
2025;07;15;35;91.29;91.29;
2025;07;15;36;60.01;60.01;
2025;07;15;37;103.00;103.00;
2025;07;15;38;95.11;95.11;
2025;07;15;39;69.00;69.00;
2025;07;15;40;60.49;60.49;
2025;07;15;41;80.50;80.50;
2025;07;15;42;82.59;82.59;
2025;07;15;43;50.50;50.50;
2025;07;15;44;38.01;38.01;
2025;07;15;45;88.25;88.25;
2025;07;15;46;65.37;65.37;
2025;07;15;47;52.60;52.60;
2025;07;15;48;50.37;50.37;
2025;07;15;49;73.50;73.50;
2025;07;15;50;76.20;76.20;
2025;07;15;51;78.13;78.13;
2025;07;15;52;76.20;76.20;
2025;07;15;53;80.49;80.49;
2025;07;15;54;82.59;82.59;
2025;07;15;55;80.49;80.49;
2025;07;15;56;76.75;76.75;
2025;07;15;57;80.92;80.92;
2025;07;15;58;85.00;85.00;
2025;07;15;59;88.25;88.25;
2025;07;15;60;91.73;91.73;
2025;07;15;61;35.45;35.45;
2025;07;15;62;35.95;35.95;
2025;07;15;63;38.44;38.44;
2025;07;15;64;37.49;37.49;
2025;07;15;65;34.95;34.95;
2025;07;15;66;34.95;34.95;
2025;07;15;67;34.95;34.95;
2025;07;15;68;35.95;35.95;
2025;07;15;69;43.61;43.61;
2025;07;15;70;50.10;50.10;
2025;07;15;71;53.00;53.00;
2025;07;15;72;54.50;54.50;
2025;07;15;73;39.76;39.76;
2025;07;15;74;40.07;40.07;
2025;07;15;75;55.58;55.58;
2025;07;15;76;85.00;85.00;
2025;07;15;77;42.84;42.84;
2025;07;15;78;64.34;64.34;
2025;07;15;79;83.78;83.78;
2025;07;15;80;114.56;114.56;
2025;07;15;81;74.40;74.40;
2025;07;15;82;107.44;107.44;
2025;07;15;83;125.01;125.01;
2025;07;15;84;137.92;137.92;
2025;07;15;85;122.28;122.28;
2025;07;15;86;126.94;126.94;
2025;07;15;87;130.44;130.44;
2025;07;15;88;129.27;129.27;
2025;07;15;89;132.53;132.53;
2025;07;15;90;130.05;130.05;
2025;07;15;91;124.34;124.34;
2025;07;15;92;121.54;121.54;
2025;07;15;93;119.90;119.90;
2025;07;15;94;114.31;114.31;
2025;07;15;95;108.05;108.05;
2025;07;15;96;108.04;108.04;
*
