MARGINALPIBC;
2025;05;26;1;56.35;56.35;
2025;05;26;2;45.01;45.01;
2025;05;26;3;20.01;20.01;
2025;05;26;4;8.00;8.00;
2025;05;26;5;17.70;17.70;
2025;05;26;6;17.02;17.02;
2025;05;26;7;15.01;15.01;
2025;05;26;8;9.00;9.00;
2025;05;26;9;9.00;9.00;
2025;05;26;10;20.18;20.18;
2025;05;26;11;21.44;21.44;
2025;05;26;12;9.00;9.00;
2025;05;26;13;14.43;14.43;
2025;05;26;14;11.57;11.57;
2025;05;26;15;9.00;9.00;
2025;05;26;16;9.00;9.00;
2025;05;26;17;15.01;15.01;
2025;05;26;18;15.01;15.01;
2025;05;26;19;16.40;16.40;
2025;05;26;20;26.40;26.40;
2025;05;26;21;20.86;20.86;
2025;05;26;22;16.12;16.12;
2025;05;26;23;18.90;18.90;
2025;05;26;24;47.05;47.05;
2025;05;26;25;9.00;9.00;
2025;05;26;26;10.00;10.00;
2025;05;26;27;20.01;20.01;
2025;05;26;28;39.28;39.28;
2025;05;26;29;45.01;45.01;
2025;05;26;30;46.01;46.01;
2025;05;26;31;40.29;40.29;
2025;05;26;32;24.51;24.51;
2025;05;26;33;70.00;70.00;
2025;05;26;34;36.56;36.56;
2025;05;26;35;10.00;10.00;
2025;05;26;36;9.00;9.00;
2025;05;26;37;48.80;48.80;
2025;05;26;38;40.01;13.91;
2025;05;26;39;5.80;3.52;
2025;05;26;40;0.85;.85;
2025;05;26;41;50.01;13.90;
2025;05;26;42;45.01;3.52;
2025;05;26;43;6.00;1.38;
2025;05;26;44;-0.01;-.01;
2025;05;26;45;4.32;.85;
2025;05;26;46;4.31;.65;
2025;05;26;47;4.31;.00;
2025;05;26;48;4.31;-.01;
2025;05;26;49;0.00;.00;
2025;05;26;50;4.32;.00;
2025;05;26;51;4.32;-.01;
2025;05;26;52;16.31;-.01;
2025;05;26;53;5.76;.00;
2025;05;26;54;5.76;.00;
2025;05;26;55;5.39;.00;
2025;05;26;56;5.00;.00;
2025;05;26;57;4.31;.00;
2025;05;26;58;4.31;.00;
2025;05;26;59;4.31;.00;
2025;05;26;60;4.31;.00;
2025;05;26;61;5.00;-.01;
2025;05;26;62;5.39;.00;
2025;05;26;63;5.39;.00;
2025;05;26;64;5.00;.00;
2025;05;26;65;5.39;.00;
2025;05;26;66;5.39;-.01;
2025;05;26;67;5.39;.00;
2025;05;26;68;4.31;.01;
2025;05;26;69;4.14;-.01;
2025;05;26;70;4.14;.65;
2025;05;26;71;5.00;3.52;
2025;05;26;72;9.98;9.98;
2025;05;26;73;4.14;-5.50;
2025;05;26;74;4.31;.00;
2025;05;26;75;4.31;3.52;
2025;05;26;76;13.52;13.52;
2025;05;26;77;-13.90;-13.90;
2025;05;26;78;-0.39;-.39;
2025;05;26;79;14.00;14.00;
2025;05;26;80;52.72;52.72;
2025;05;26;81;0.00;.00;
2025;05;26;82;26.82;26.82;
2025;05;26;83;51.84;51.84;
2025;05;26;84;75.00;75.00;
2025;05;26;85;75.06;84.10;
2025;05;26;86;75.91;88.51;
2025;05;26;87;75.91;89.58;
2025;05;26;88;77.00;77.00;
2025;05;26;89;66.15;85.00;
2025;05;26;90;80.00;80.00;
2025;05;26;91;70.56;70.56;
2025;05;26;92;50.60;50.60;
2025;05;26;93;49.34;49.34;
2025;05;26;94;35.33;35.33;
2025;05;26;95;26.83;26.83;
2025;05;26;96;15.00;15.00;
*
