MARGINALPIBC;
2025;07;12;1;125.90;125.90;
2025;07;12;2;122.50;122.50;
2025;07;12;3;122.50;122.50;
2025;07;12;4;119.78;119.78;
2025;07;12;5;121.62;121.62;
2025;07;12;6;116.62;116.62;
2025;07;12;7;116.62;116.62;
2025;07;12;8;115.00;115.00;
2025;07;12;9;117.49;117.49;
2025;07;12;10;117.49;117.49;
2025;07;12;11;115.18;115.18;
2025;07;12;12;115.00;115.00;
2025;07;12;13;114.03;114.03;
2025;07;12;14;115.53;115.53;
2025;07;12;15;115.00;115.00;
2025;07;12;16;115.00;115.00;
2025;07;12;17;115.00;115.00;
2025;07;12;18;112.53;112.53;
2025;07;12;19;111.73;111.73;
2025;07;12;20;111.42;111.42;
2025;07;12;21;115.00;115.00;
2025;07;12;22;115.00;115.00;
2025;07;12;23;115.00;115.00;
2025;07;12;24;116.10;116.10;
2025;07;12;25;117.49;117.49;
2025;07;12;26;117.49;117.49;
2025;07;12;27;117.49;117.49;
2025;07;12;28;118.88;118.88;
2025;07;12;29;118.99;118.99;
2025;07;12;30;118.20;118.20;
2025;07;12;31;116.61;116.61;
2025;07;12;32;113.44;113.44;
2025;07;12;33;120.69;120.69;
2025;07;12;34;89.61;89.61;
2025;07;12;35;80.66;80.66;
2025;07;12;36;60.08;60.08;
2025;07;12;37;86.44;86.44;
2025;07;12;38;64.95;64.95;
2025;07;12;39;51.98;51.98;
2025;07;12;40;23.00;23.00;
2025;07;12;41;61.10;61.10;
2025;07;12;42;71.80;71.80;
2025;07;12;43;53.10;53.10;
2025;07;12;44;34.70;34.70;
2025;07;12;45;29.95;29.95;
2025;07;12;46;24.00;24.00;
2025;07;12;47;19.50;19.50;
2025;07;12;48;15.20;15.20;
2025;07;12;49;20.00;20.00;
2025;07;12;50;15.00;15.00;
2025;07;12;51;15.00;15.00;
2025;07;12;52;15.15;15.15;
2025;07;12;53;15.75;15.75;
2025;07;12;54;16.04;16.04;
2025;07;12;55;13.51;13.51;
2025;07;12;56;10.76;10.76;
2025;07;12;57;11.52;11.52;
2025;07;12;58;9.31;9.31;
2025;07;12;59;5.76;5.76;
2025;07;12;60;4.31;4.31;
2025;07;12;61;6.35;6.35;
2025;07;12;62;4.53;4.53;
2025;07;12;63;4.31;4.31;
2025;07;12;64;4.31;4.31;
2025;07;12;65;18.68;12.05;
2025;07;12;66;19.20;19.20;
2025;07;12;67;28.16;28.16;
2025;07;12;68;40.59;40.59;
2025;07;12;69;32.50;32.50;
2025;07;12;70;42.36;42.36;
2025;07;12;71;39.32;39.32;
2025;07;12;72;56.00;56.00;
2025;07;12;73;49.90;49.90;
2025;07;12;74;61.53;61.53;
2025;07;12;75;71.08;71.08;
2025;07;12;76;89.93;89.93;
2025;07;12;77;67.86;67.86;
2025;07;12;78;79.65;79.65;
2025;07;12;79;92.18;92.18;
2025;07;12;80;111.71;111.71;
2025;07;12;81;65.20;65.20;
2025;07;12;82;96.97;96.97;
2025;07;12;83;122.74;122.74;
2025;07;12;84;131.78;131.78;
2025;07;12;85;119.67;119.67;
2025;07;12;86;129.15;129.15;
2025;07;12;87;138.90;138.90;
2025;07;12;88;140.68;140.68;
2025;07;12;89;140.00;146.30;
2025;07;12;90;139.80;139.80;
2025;07;12;91;136.34;136.34;
2025;07;12;92;132.11;132.11;
2025;07;12;93;130.75;130.75;
2025;07;12;94;130.50;130.50;
2025;07;12;95;123.05;123.05;
2025;07;12;96;118.74;118.74;
*
