MARGINALPIBC;
2025;04;27;1;-6.11;-6.11;
2025;04;27;2;-6.50;-6.50;
2025;04;27;3;-6.00;-6.00;
2025;04;27;4;-6.00;-6.00;
2025;04;27;5;-5.00;-5.00;
2025;04;27;6;-5.00;-5.00;
2025;04;27;7;-5.17;-5.17;
2025;04;27;8;-6.00;-6.00;
2025;04;27;9;-6.50;-6.50;
2025;04;27;10;-6.50;-6.50;
2025;04;27;11;-6.50;-6.50;
2025;04;27;12;-6.50;-6.50;
2025;04;27;13;-6.50;-6.50;
2025;04;27;14;-6.00;-6.00;
2025;04;27;15;-6.00;-6.00;
2025;04;27;16;-6.00;-6.00;
2025;04;27;17;-6.00;-6.00;
2025;04;27;18;-6.00;-6.00;
2025;04;27;19;-6.00;-6.00;
2025;04;27;20;-6.00;-6.00;
2025;04;27;21;-5.17;-5.17;
2025;04;27;22;-5.17;-5.17;
2025;04;27;23;-5.17;-5.17;
2025;04;27;24;-5.17;-5.17;
2025;04;27;25;-5.00;-5.00;
2025;04;27;26;-5.00;-5.00;
2025;04;27;27;-5.00;-5.00;
2025;04;27;28;-5.00;-5.00;
2025;04;27;29;0.00;.00;
2025;04;27;30;0.00;.00;
2025;04;27;31;-1.75;-1.75;
2025;04;27;32;-5.24;-5.24;
2025;04;27;33;3.52;3.52;
2025;04;27;34;0.00;.00;
2025;04;27;35;0.00;.00;
2025;04;27;36;0.00;.00;
2025;04;27;37;0.00;.00;
2025;04;27;38;0.00;.00;
2025;04;27;39;0.00;.00;
2025;04;27;40;0.00;.00;
2025;04;27;41;0.00;.00;
2025;04;27;42;-2.00;-2.00;
2025;04;27;43;-3.00;-3.00;
2025;04;27;44;-2.50;-3.00;
2025;04;27;45;-6.00;-6.00;
2025;04;27;46;-10.00;-10.00;
2025;04;27;47;-6.00;-10.00;
2025;04;27;48;-4.50;-10.00;
2025;04;27;49;-14.00;-14.00;
2025;04;27;50;-13.01;-14.00;
2025;04;27;51;-6.00;-15.00;
2025;04;27;52;-4.50;-15.00;
2025;04;27;53;-10.00;-10.00;
2025;04;27;54;-6.00;-10.00;
2025;04;27;55;-4.50;-10.00;
2025;04;27;56;-4.50;-10.00;
2025;04;27;57;-4.50;-10.00;
2025;04;27;58;-4.50;-10.00;
2025;04;27;59;-6.00;-10.00;
2025;04;27;60;-10.00;-10.00;
2025;04;27;61;-0.98;-14.89;
2025;04;27;62;-0.48;-14.00;
2025;04;27;63;-0.48;-14.00;
2025;04;27;64;0.00;-11.51;
2025;04;27;65;0.00;-15.00;
2025;04;27;66;0.00;-10.00;
2025;04;27;67;0.00;-7.17;
2025;04;27;68;0.00;-5.00;
2025;04;27;69;0.00;-5.37;
2025;04;27;70;0.00;-.21;
2025;04;27;71;0.00;.00;
2025;04;27;72;0.00;.00;
2025;04;27;73;0.00;.00;
2025;04;27;74;0.00;.00;
2025;04;27;75;2.50;.00;
2025;04;27;76;4.31;.00;
2025;04;27;77;-1.98;-1.98;
2025;04;27;78;-1.54;-1.54;
2025;04;27;79;0.65;.65;
2025;04;27;80;8.52;8.52;
2025;04;27;81;-1.54;-1.54;
2025;04;27;82;0.00;.00;
2025;04;27;83;30.00;30.00;
2025;04;27;84;39.90;39.90;
2025;04;27;85;75.00;75.00;
2025;04;27;86;84.70;84.70;
2025;04;27;87;82.92;82.92;
2025;04;27;88;76.39;76.39;
2025;04;27;89;71.14;71.14;
2025;04;27;90;70.14;70.14;
2025;04;27;91;70.14;70.14;
2025;04;27;92;35.14;63.54;
2025;04;27;93;25.00;25.00;
2025;04;27;94;25.00;25.00;
2025;04;27;95;26.00;26.00;
2025;04;27;96;26.00;26.00;
*
