MARGINALPIBC;
2025;05;02;1;21.47;14.00;
2025;05;02;2;18.04;10.24;
2025;05;02;3;10.04;10.04;
2025;05;02;4;1.04;1.04;
2025;05;02;5;14.00;14.00;
2025;05;02;6;5.21;5.21;
2025;05;02;7;21.47;3.11;
2025;05;02;8;21.47;2.11;
2025;05;02;9;3.52;3.52;
2025;05;02;10;3.52;3.52;
2025;05;02;11;3.52;3.52;
2025;05;02;12;3.52;3.52;
2025;05;02;13;3.52;3.52;
2025;05;02;14;3.52;3.52;
2025;05;02;15;3.52;3.52;
2025;05;02;16;3.52;3.52;
2025;05;02;17;3.52;3.52;
2025;05;02;18;3.52;3.52;
2025;05;02;19;3.52;3.52;
2025;05;02;20;3.52;3.52;
2025;05;02;21;1.70;1.70;
2025;05;02;22;3.27;3.27;
2025;05;02;23;3.52;3.52;
2025;05;02;24;5.11;5.11;
2025;05;02;25;4.96;4.96;
2025;05;02;26;5.96;5.96;
2025;05;02;27;11.20;11.20;
2025;05;02;28;17.00;17.00;
2025;05;02;29;4.96;4.96;
2025;05;02;30;5.84;5.84;
2025;05;02;31;11.30;11.30;
2025;05;02;32;13.90;13.90;
2025;05;02;33;6.00;6.00;
2025;05;02;34;11.00;11.00;
2025;05;02;35;3.50;3.50;
2025;05;02;36;0.00;.00;
2025;05;02;37;10.41;10.41;
2025;05;02;38;9.41;9.41;
2025;05;02;39;3.51;-2.71;
2025;05;02;40;3.51;-5.17;
2025;05;02;41;14.95;3.52;
2025;05;02;42;14.95;3.52;
2025;05;02;43;4.45;.10;
2025;05;02;44;0.00;-2.28;
2025;05;02;45;21.47;.85;
2025;05;02;46;21.47;.00;
2025;05;02;47;5.76;.00;
2025;05;02;48;0.00;-.01;
2025;05;02;49;9.79;.00;
2025;05;02;50;9.00;-.20;
2025;05;02;51;5.76;-.49;
2025;05;02;52;0.79;-1.09;
2025;05;02;53;15.46;-1.54;
2025;05;02;54;12.64;-1.54;
2025;05;02;55;9.31;-2.00;
2025;05;02;56;9.31;-3.00;
2025;05;02;57;4.31;-2.00;
2025;05;02;58;4.31;-2.00;
2025;05;02;59;4.31;-2.00;
2025;05;02;60;4.31;-2.00;
2025;05;02;61;4.31;-5.00;
2025;05;02;62;4.31;-4.00;
2025;05;02;63;4.31;-4.00;
2025;05;02;64;4.31;-4.00;
2025;05;02;65;4.31;-8.00;
2025;05;02;66;4.31;-4.40;
2025;05;02;67;4.31;-4.00;
2025;05;02;68;4.31;-3.60;
2025;05;02;69;5.76;-2.20;
2025;05;02;70;5.76;-1.54;
2025;05;02;71;8.31;-1.54;
2025;05;02;72;9.31;-1.54;
2025;05;02;73;10.79;-1.35;
2025;05;02;74;10.79;-.62;
2025;05;02;75;15.46;.00;
2025;05;02;76;21.47;.85;
2025;05;02;77;0.00;-7.96;
2025;05;02;78;10.29;-1.97;
2025;05;02;79;15.46;13.04;
2025;05;02;80;23.69;23.69;
2025;05;02;81;11.01;11.01;
2025;05;02;82;29.51;29.51;
2025;05;02;83;45.01;49.79;
2025;05;02;84;66.01;66.01;
2025;05;02;85;63.62;73.76;
2025;05;02;86;63.62;74.62;
2025;05;02;87;63.62;74.32;
2025;05;02;88;63.62;63.62;
2025;05;02;89;62.05;74.32;
2025;05;02;90;62.00;62.00;
2025;05;02;91;61.04;61.04;
2025;05;02;92;50.90;50.90;
2025;05;02;93;36.05;51.00;
2025;05;02;94;41.05;41.05;
2025;05;02;95;36.05;39.05;
2025;05;02;96;24.04;24.04;
*
