MARGINALPIBC;
2025;05;06;1;40.01;20.50;
2025;05;06;2;16.42;14.00;
2025;05;06;3;16.42;13.24;
2025;05;06;4;16.42;1.25;
2025;05;06;5;16.42;9.49;
2025;05;06;6;16.42;5.11;
2025;05;06;7;16.42;3.52;
2025;05;06;8;16.42;3.52;
2025;05;06;9;16.42;3.52;
2025;05;06;10;16.42;3.52;
2025;05;06;11;16.42;-1.20;
2025;05;06;12;16.42;-1.38;
2025;05;06;13;16.42;3.52;
2025;05;06;14;16.42;3.52;
2025;05;06;15;16.42;1.89;
2025;05;06;16;16.42;1.72;
2025;05;06;17;16.42;-1.20;
2025;05;06;18;16.42;-.82;
2025;05;06;19;16.42;1.67;
2025;05;06;20;16.42;2.17;
2025;05;06;21;28.23;-1.00;
2025;05;06;22;28.23;3.52;
2025;05;06;23;28.23;3.60;
2025;05;06;24;28.23;14.00;
2025;05;06;25;30.00;6.00;
2025;05;06;26;30.23;6.00;
2025;05;06;27;30.23;19.50;
2025;05;06;28;44.10;44.10;
2025;05;06;29;31.23;19.84;
2025;05;06;30;31.23;30.34;
2025;05;06;31;31.23;30.34;
2025;05;06;32;31.23;30.34;
2025;05;06;33;38.00;38.00;
2025;05;06;34;38.00;20.72;
2025;05;06;35;38.00;6.77;
2025;05;06;36;38.00;2.99;
2025;05;06;37;20.00;10.19;
2025;05;06;38;20.00;3.52;
2025;05;06;39;20.00;.39;
2025;05;06;40;20.00;-2.55;
2025;05;06;41;20.00;-.01;
2025;05;06;42;20.00;-.50;
2025;05;06;43;20.00;-1.20;
2025;05;06;44;16.42;-3.50;
2025;05;06;45;16.42;-1.54;
2025;05;06;46;16.42;-6.47;
2025;05;06;47;16.42;-10.62;
2025;05;06;48;16.42;-10.77;
2025;05;06;49;47.56;-6.47;
2025;05;06;50;42.06;-5.00;
2025;05;06;51;42.56;-4.81;
2025;05;06;52;42.06;-3.82;
2025;05;06;53;43.23;-6.00;
2025;05;06;54;43.23;-8.50;
2025;05;06;55;43.23;-9.30;
2025;05;06;56;43.23;-10.62;
2025;05;06;57;43.23;-7.00;
2025;05;06;58;43.23;-9.50;
2025;05;06;59;43.23;-8.90;
2025;05;06;60;43.23;-9.50;
2025;05;06;61;16.42;-8.90;
2025;05;06;62;16.42;-9.50;
2025;05;06;63;42.06;-9.00;
2025;05;06;64;47.56;-9.50;
2025;05;06;65;42.06;-9.71;
2025;05;06;66;16.42;-9.71;
2025;05;06;67;16.42;-9.11;
2025;05;06;68;42.56;-4.28;
2025;05;06;69;16.42;-8.50;
2025;05;06;70;16.42;-8.50;
2025;05;06;71;16.42;-8.50;
2025;05;06;72;16.42;-3.00;
2025;05;06;73;16.42;-6.49;
2025;05;06;74;16.42;-3.99;
2025;05;06;75;16.42;-.99;
2025;05;06;76;29.00;-.89;
2025;05;06;77;16.42;-4.85;
2025;05;06;78;16.42;-4.85;
2025;05;06;79;31.00;.00;
2025;05;06;80;64.04;6.15;
2025;05;06;81;52.78;11.77;
2025;05;06;82;52.78;34.49;
2025;05;06;83;57.78;41.19;
2025;05;06;84;52.78;51.61;
2025;05;06;85;62.62;62.62;
2025;05;06;86;65.12;65.12;
2025;05;06;87;65.12;65.12;
2025;05;06;88;65.12;58.61;
2025;05;06;89;53.23;51.23;
2025;05;06;90;53.23;45.64;
2025;05;06;91;48.23;42.73;
2025;05;06;92;48.23;42.73;
2025;05;06;93;47.78;35.55;
2025;05;06;94;47.78;29.65;
2025;05;06;95;47.78;27.05;
2025;05;06;96;27.05;27.05;
*
