MARGINALPIBC;
2025;05;24;1;45.00;45.00;
2025;05;24;2;37.11;37.11;
2025;05;24;3;30.01;30.01;
2025;05;24;4;15.77;15.77;
2025;05;24;5;30.01;30.01;
2025;05;24;6;28.59;28.59;
2025;05;24;7;22.00;22.00;
2025;05;24;8;18.38;18.38;
2025;05;24;9;30.01;30.01;
2025;05;24;10;23.11;23.11;
2025;05;24;11;25.07;25.07;
2025;05;24;12;15.01;15.01;
2025;05;24;13;23.24;23.24;
2025;05;24;14;20.34;20.34;
2025;05;24;15;15.01;15.01;
2025;05;24;16;8.35;8.35;
2025;05;24;17;20.03;20.03;
2025;05;24;18;20.56;20.56;
2025;05;24;19;10.06;10.06;
2025;05;24;20;15.01;15.01;
2025;05;24;21;14.00;14.00;
2025;05;24;22;15.01;15.01;
2025;05;24;23;15.01;15.01;
2025;05;24;24;24.99;24.99;
2025;05;24;25;23.82;23.82;
2025;05;24;26;24.99;24.99;
2025;05;24;27;25.39;25.39;
2025;05;24;28;23.98;23.98;
2025;05;24;29;32.21;32.21;
2025;05;24;30;33.46;33.46;
2025;05;24;31;30.01;30.01;
2025;05;24;32;15.01;15.01;
2025;05;24;33;30.01;30.01;
2025;05;24;34;23.28;23.28;
2025;05;24;35;6.68;6.68;
2025;05;24;36;4.31;-4.00;
2025;05;24;37;30.01;19.26;
2025;05;24;38;30.01;8.95;
2025;05;24;39;30.01;.65;
2025;05;24;40;29.99;-3.67;
2025;05;24;41;29.99;-.07;
2025;05;24;42;20.01;-1.00;
2025;05;24;43;15.01;-1.54;
2025;05;24;44;6.00;-5.00;
2025;05;24;45;5.76;-4.03;
2025;05;24;46;2.51;-5.06;
2025;05;24;47;2.51;-5.11;
2025;05;24;48;6.00;-5.80;
2025;05;24;49;5.76;-5.50;
2025;05;24;50;5.76;-6.00;
2025;05;24;51;5.89;-6.00;
2025;05;24;52;5.89;-5.85;
2025;05;24;53;5.89;-6.00;
2025;05;24;54;5.89;-6.00;
2025;05;24;55;5.89;-6.00;
2025;05;24;56;5.89;-6.00;
2025;05;24;57;6.00;-6.00;
2025;05;24;58;5.76;-6.00;
2025;05;24;59;5.76;-6.00;
2025;05;24;60;5.76;-6.00;
2025;05;24;61;5.76;-6.00;
2025;05;24;62;5.76;-6.00;
2025;05;24;63;5.76;-6.00;
2025;05;24;64;5.76;-6.00;
2025;05;24;65;5.76;-6.00;
2025;05;24;66;5.76;-6.00;
2025;05;24;67;5.76;-6.00;
2025;05;24;68;5.76;-6.00;
2025;05;24;69;5.76;-6.00;
2025;05;24;70;5.76;-6.00;
2025;05;24;71;5.76;-6.00;
2025;05;24;72;5.76;-6.00;
2025;05;24;73;4.89;-1.50;
2025;05;24;74;5.00;-.62;
2025;05;24;75;5.76;-.01;
2025;05;24;76;6.00;.00;
2025;05;24;77;0.51;-5.40;
2025;05;24;78;2.51;.00;
2025;05;24;79;7.86;7.86;
2025;05;24;80;35.00;35.00;
2025;05;24;81;2.23;2.23;
2025;05;24;82;17.06;17.06;
2025;05;24;83;25.60;25.60;
2025;05;24;84;45.70;45.70;
2025;05;24;85;27.60;27.60;
2025;05;24;86;36.10;36.10;
2025;05;24;87;54.69;54.69;
2025;05;24;88;50.01;50.01;
2025;05;24;89;51.90;51.90;
2025;05;24;90;46.50;46.50;
2025;05;24;91;58.01;58.01;
2025;05;24;92;51.90;51.90;
2025;05;24;93;45.00;45.00;
2025;05;24;94;36.85;36.85;
2025;05;24;95;32.50;32.50;
2025;05;24;96;27.10;27.10;
*
