MARGINALPIBC;
2025;07;05;1;137.99;137.99;
2025;07;05;2;136.56;136.56;
2025;07;05;3;134.99;134.99;
2025;07;05;4;131.74;131.74;
2025;07;05;5;128.80;128.80;
2025;07;05;6;122.82;122.82;
2025;07;05;7;118.80;118.80;
2025;07;05;8;118.80;118.80;
2025;07;05;9;113.32;113.32;
2025;07;05;10;110.00;110.00;
2025;07;05;11;110.00;110.00;
2025;07;05;12;110.00;110.00;
2025;07;05;13;107.02;107.02;
2025;07;05;14;107.02;107.02;
2025;07;05;15;107.02;107.02;
2025;07;05;16;107.02;107.02;
2025;07;05;17;107.00;107.00;
2025;07;05;18;107.00;107.00;
2025;07;05;19;107.00;107.00;
2025;07;05;20;107.00;107.00;
2025;07;05;21;104.00;104.00;
2025;07;05;22;99.18;99.18;
2025;07;05;23;98.81;98.81;
2025;07;05;24;106.69;106.69;
2025;07;05;25;104.17;104.17;
2025;07;05;26;107.60;107.60;
2025;07;05;27;107.60;107.60;
2025;07;05;28;103.95;103.95;
2025;07;05;29;101.40;101.40;
2025;07;05;30;95.23;95.23;
2025;07;05;31;85.62;85.62;
2025;07;05;32;69.00;69.00;
2025;07;05;33;85.00;85.00;
2025;07;05;34;75.52;75.52;
2025;07;05;35;50.00;50.00;
2025;07;05;36;4.01;4.01;
2025;07;05;37;86.80;86.80;
2025;07;05;38;84.54;84.54;
2025;07;05;39;26.30;26.30;
2025;07;05;40;16.80;16.80;
2025;07;05;41;55.76;55.76;
2025;07;05;42;25.76;25.76;
2025;07;05;43;16.04;16.04;
2025;07;05;44;5.76;5.76;
2025;07;05;45;17.42;17.42;
2025;07;05;46;6.00;6.00;
2025;07;05;47;5.76;5.76;
2025;07;05;48;4.31;4.31;
2025;07;05;49;16.89;16.89;
2025;07;05;50;18.21;18.21;
2025;07;05;51;16.89;16.89;
2025;07;05;52;14.52;14.52;
2025;07;05;53;17.94;17.94;
2025;07;05;54;24.11;24.11;
2025;07;05;55;21.56;21.56;
2025;07;05;56;25.00;25.00;
2025;07;05;57;25.00;25.00;
2025;07;05;58;25.00;25.00;
2025;07;05;59;25.00;25.00;
2025;07;05;60;25.97;25.97;
2025;07;05;61;20.01;20.01;
2025;07;05;62;20.00;20.00;
2025;07;05;63;23.39;23.39;
2025;07;05;64;20.01;20.01;
2025;07;05;65;20.00;20.00;
2025;07;05;66;20.00;20.00;
2025;07;05;67;29.99;29.99;
2025;07;05;68;29.99;29.99;
2025;07;05;69;44.44;44.44;
2025;07;05;70;49.34;49.34;
2025;07;05;71;70.88;70.88;
2025;07;05;72;83.14;83.14;
2025;07;05;73;35.06;35.06;
2025;07;05;74;32.73;32.73;
2025;07;05;75;46.25;46.25;
2025;07;05;76;57.97;57.97;
2025;07;05;77;19.43;19.43;
2025;07;05;78;50.00;50.00;
2025;07;05;79;88.00;88.00;
2025;07;05;80;104.67;104.67;
2025;07;05;81;68.00;68.00;
2025;07;05;82;103.40;103.40;
2025;07;05;83;120.42;120.42;
2025;07;05;84;128.44;128.44;
2025;07;05;85;133.34;133.34;
2025;07;05;86;136.33;136.33;
2025;07;05;87;138.23;138.23;
2025;07;05;88;138.83;138.83;
2025;07;05;89;142.58;142.58;
2025;07;05;90;142.00;142.00;
2025;07;05;91;141.50;141.50;
2025;07;05;92;140.99;140.99;
2025;07;05;93;134.99;134.99;
2025;07;05;94;131.00;131.00;
2025;07;05;95;126.00;126.00;
2025;07;05;96;125.00;125.00;
*
