MARGINALPIBC;
2025;05;07;1;25.05;25.05;
2025;05;07;2;10.00;6.09;
2025;05;07;3;5.20;4.00;
2025;05;07;4;5.10;-9.60;
2025;05;07;5;5.00;4.00;
2025;05;07;6;4.47;4.47;
2025;05;07;7;4.00;4.00;
2025;05;07;8;0.01;.01;
2025;05;07;9;5.10;5.10;
2025;05;07;10;5.00;5.00;
2025;05;07;11;5.00;5.00;
2025;05;07;12;4.00;4.00;
2025;05;07;13;2.23;2.23;
2025;05;07;14;2.93;2.93;
2025;05;07;15;3.16;3.16;
2025;05;07;16;3.47;3.47;
2025;05;07;17;1.72;1.72;
2025;05;07;18;4.00;4.00;
2025;05;07;19;2.98;2.98;
2025;05;07;20;3.32;3.32;
2025;05;07;21;3.52;3.52;
2025;05;07;22;5.10;5.10;
2025;05;07;23;5.30;5.30;
2025;05;07;24;31.41;31.41;
2025;05;07;25;0.01;.01;
2025;05;07;26;8.00;8.00;
2025;05;07;27;18.52;18.52;
2025;05;07;28;53.00;53.00;
2025;05;07;29;25.05;38.60;
2025;05;07;30;28.03;55.59;
2025;05;07;31;28.03;64.10;
2025;05;07;32;30.01;59.60;
2025;05;07;33;60.01;60.01;
2025;05;07;34;53.73;53.73;
2025;05;07;35;40.23;40.23;
2025;05;07;36;6.00;6.00;
2025;05;07;37;30.01;30.01;
2025;05;07;38;12.06;12.06;
2025;05;07;39;12.00;-.01;
2025;05;07;40;12.00;-10.00;
2025;05;07;41;30.01;.00;
2025;05;07;42;30.01;.00;
2025;05;07;43;30.01;-3.00;
2025;05;07;44;30.01;-9.30;
2025;05;07;45;30.01;-.01;
2025;05;07;46;30.01;.00;
2025;05;07;47;30.01;.00;
2025;05;07;48;30.01;.00;
2025;05;07;49;36.22;.85;
2025;05;07;50;36.22;.85;
2025;05;07;51;36.22;.65;
2025;05;07;52;38.22;.65;
2025;05;07;53;41.42;.00;
2025;05;07;54;41.42;.00;
2025;05;07;55;40.92;.00;
2025;05;07;56;40.92;.00;
2025;05;07;57;30.01;.00;
2025;05;07;58;36.42;.00;
2025;05;07;59;36.42;.00;
2025;05;07;60;41.42;.00;
2025;05;07;61;41.42;.01;
2025;05;07;62;43.42;.01;
2025;05;07;63;56.42;.01;
2025;05;07;64;56.42;.01;
2025;05;07;65;46.00;.00;
2025;05;07;66;46.00;.00;
2025;05;07;67;46.00;.01;
2025;05;07;68;46.00;.85;
2025;05;07;69;30.01;.01;
2025;05;07;70;30.01;1.72;
2025;05;07;71;46.00;3.52;
2025;05;07;72;46.00;5.00;
2025;05;07;73;31.01;-1.33;
2025;05;07;74;31.03;5.00;
2025;05;07;75;35.01;12.60;
2025;05;07;76;40.00;36.70;
2025;05;07;77;46.00;.00;
2025;05;07;78;46.00;29.53;
2025;05;07;79;47.19;47.19;
2025;05;07;80;64.53;64.53;
2025;05;07;81;40.00;10.40;
2025;05;07;82;40.00;40.00;
2025;05;07;83;60.00;60.00;
2025;05;07;84;74.43;74.43;
2025;05;07;85;50.00;81.00;
2025;05;07;86;50.00;84.44;
2025;05;07;87;50.00;85.50;
2025;05;07;88;50.00;76.99;
2025;05;07;89;50.00;79.26;
2025;05;07;90;50.00;62.81;
2025;05;07;91;50.00;54.10;
2025;05;07;92;45.00;45.00;
2025;05;07;93;50.20;50.20;
2025;05;07;94;46.00;46.00;
2025;05;07;95;45.40;45.40;
2025;05;07;96;40.01;19.83;
*
