MARGINALPIBC;
2025;05;31;1;104.00;104.00;
2025;05;31;2;97.62;97.62;
2025;05;31;3;84.26;84.26;
2025;05;31;4;85.60;85.60;
2025;05;31;5;89.74;89.74;
2025;05;31;6;87.86;87.86;
2025;05;31;7;85.01;85.01;
2025;05;31;8;81.40;81.40;
2025;05;31;9;85.53;85.53;
2025;05;31;10;83.19;83.19;
2025;05;31;11;82.55;82.55;
2025;05;31;12;82.29;82.29;
2025;05;31;13;83.01;83.01;
2025;05;31;14;80.00;80.00;
2025;05;31;15;82.00;82.00;
2025;05;31;16;81.00;81.00;
2025;05;31;17;83.61;83.61;
2025;05;31;18;83.61;83.61;
2025;05;31;19;83.61;83.61;
2025;05;31;20;83.61;83.61;
2025;05;31;21;84.00;84.00;
2025;05;31;22;83.74;83.74;
2025;05;31;23;83.74;83.74;
2025;05;31;24;84.36;84.36;
2025;05;31;25;83.61;83.61;
2025;05;31;26;83.61;83.61;
2025;05;31;27;83.95;83.95;
2025;05;31;28;84.74;84.74;
2025;05;31;29;84.92;84.92;
2025;05;31;30;79.28;79.28;
2025;05;31;31;76.31;76.31;
2025;05;31;32;54.66;54.66;
2025;05;31;33;73.25;73.25;
2025;05;31;34;61.10;61.10;
2025;05;31;35;26.21;26.21;
2025;05;31;36;-6.00;-6.00;
2025;05;31;37;63.47;38.55;
2025;05;31;38;35.51;13.84;
2025;05;31;39;8.47;-.11;
2025;05;31;40;45.01;-12.28;
2025;05;31;41;16.39;13.86;
2025;05;31;42;8.47;.27;
2025;05;31;43;8.47;-.02;
2025;05;31;44;11.45;-6.19;
2025;05;31;45;15.93;.65;
2025;05;31;46;15.93;-.73;
2025;05;31;47;8.47;-1.00;
2025;05;31;48;8.47;-5.15;
2025;05;31;49;6.55;-.55;
2025;05;31;50;6.55;-3.07;
2025;05;31;51;6.55;-2.05;
2025;05;31;52;6.55;-5.02;
2025;05;31;53;5.99;-5.54;
2025;05;31;54;5.99;-7.54;
2025;05;31;55;5.99;-8.00;
2025;05;31;56;5.99;-9.68;
2025;05;31;57;4.31;-6.11;
2025;05;31;58;4.31;-6.11;
2025;05;31;59;4.31;-5.73;
2025;05;31;60;4.31;-5.54;
2025;05;31;61;4.31;-5.54;
2025;05;31;62;4.31;-4.00;
2025;05;31;63;4.31;-3.00;
2025;05;31;64;4.31;.00;
2025;05;31;65;4.31;-3.98;
2025;05;31;66;4.31;-.01;
2025;05;31;67;4.31;.00;
2025;05;31;68;4.31;.00;
2025;05;31;69;10.76;-3.00;
2025;05;31;70;10.76;-2.60;
2025;05;31;71;10.76;.01;
2025;05;31;72;11.26;1.72;
2025;05;31;73;5.99;1.72;
2025;05;31;74;6.14;3.52;
2025;05;31;75;12.99;8.06;
2025;05;31;76;55.99;23.93;
2025;05;31;77;17.43;1.12;
2025;05;31;78;25.07;25.07;
2025;05;31;79;42.16;42.16;
2025;05;31;80;65.14;65.14;
2025;05;31;81;46.99;46.99;
2025;05;31;82;64.90;64.90;
2025;05;31;83;70.30;70.30;
2025;05;31;84;84.19;84.19;
2025;05;31;85;69.31;69.31;
2025;05;31;86;72.43;72.43;
2025;05;31;87;75.00;75.00;
2025;05;31;88;76.99;76.99;
2025;05;31;89;82.14;82.14;
2025;05;31;90;81.88;81.88;
2025;05;31;91;82.31;82.31;
2025;05;31;92;78.60;78.60;
2025;05;31;93;72.00;72.00;
2025;05;31;94;66.17;66.17;
2025;05;31;95;65.14;65.14;
2025;05;31;96;58.50;58.50;
*
