MARGINALPIBC;
2025;06;08;1;71.47;71.47;
2025;06;08;2;71.47;71.47;
2025;06;08;3;69.34;69.34;
2025;06;08;4;50.00;50.00;
2025;06;08;5;65.80;65.80;
2025;06;08;6;65.80;65.80;
2025;06;08;7;63.80;63.80;
2025;06;08;8;62.80;62.80;
2025;06;08;9;64.00;64.00;
2025;06;08;10;63.80;63.80;
2025;06;08;11;62.80;62.80;
2025;06;08;12;59.30;59.30;
2025;06;08;13;60.80;60.80;
2025;06;08;14;60.00;60.00;
2025;06;08;15;60.00;60.00;
2025;06;08;16;60.00;60.00;
2025;06;08;17;60.00;60.00;
2025;06;08;18;60.80;60.80;
2025;06;08;19;60.80;60.80;
2025;06;08;20;60.80;60.80;
2025;06;08;21;60.80;60.80;
2025;06;08;22;62.35;62.35;
2025;06;08;23;63.80;63.80;
2025;06;08;24;63.80;63.80;
2025;06;08;25;66.80;66.80;
2025;06;08;26;64.36;64.36;
2025;06;08;27;64.36;64.36;
2025;06;08;28;64.36;64.36;
2025;06;08;29;59.17;59.17;
2025;06;08;30;44.02;44.02;
2025;06;08;31;22.02;22.02;
2025;06;08;32;18.71;18.71;
2025;06;08;33;10.87;10.87;
2025;06;08;34;1.72;1.72;
2025;06;08;35;-0.20;-.20;
2025;06;08;36;0.00;-2.30;
2025;06;08;37;70.15;.00;
2025;06;08;38;50.14;-.67;
2025;06;08;39;20.33;-8.62;
2025;06;08;40;11.45;-17.51;
2025;06;08;41;0.93;-1.50;
2025;06;08;42;0.93;-5.50;
2025;06;08;43;0.93;-10.00;
2025;06;08;44;0.93;-15.00;
2025;06;08;45;0.93;-13.00;
2025;06;08;46;0.93;-5.50;
2025;06;08;47;0.93;-5.00;
2025;06;08;48;0.93;-6.00;
2025;06;08;49;0.93;-5.50;
2025;06;08;50;0.93;-5.00;
2025;06;08;51;0.93;-5.00;
2025;06;08;52;1.93;-5.00;
2025;06;08;53;2.18;-5.00;
2025;06;08;54;1.18;-5.00;
2025;06;08;55;1.18;-4.00;
2025;06;08;56;1.18;-5.00;
2025;06;08;57;1.93;-4.00;
2025;06;08;58;0.93;-4.00;
2025;06;08;59;0.93;-4.00;
2025;06;08;60;0.93;-4.79;
2025;06;08;61;0.51;-5.00;
2025;06;08;62;0.51;-5.00;
2025;06;08;63;0.51;-5.00;
2025;06;08;64;0.51;-5.00;
2025;06;08;65;-0.01;-5.00;
2025;06;08;66;-0.01;-5.00;
2025;06;08;67;-0.01;-5.00;
2025;06;08;68;-0.01;-4.00;
2025;06;08;69;0.50;-4.79;
2025;06;08;70;0.50;-4.79;
2025;06;08;71;0.50;-1.05;
2025;06;08;72;0.50;.00;
2025;06;08;73;1.18;-15.90;
2025;06;08;74;1.18;-5.54;
2025;06;08;75;1.18;.85;
2025;06;08;76;3.52;3.52;
2025;06;08;77;2.54;-14.10;
2025;06;08;78;10.15;-3.75;
2025;06;08;79;50.14;12.14;
2025;06;08;80;60.80;60.80;
2025;06;08;81;21.61;21.61;
2025;06;08;82;76.59;76.59;
2025;06;08;83;81.78;81.78;
2025;06;08;84;90.39;90.39;
2025;06;08;85;95.49;95.49;
2025;06;08;86;97.90;97.90;
2025;06;08;87;98.52;98.52;
2025;06;08;88;98.52;98.52;
2025;06;08;89;98.52;98.52;
2025;06;08;90;98.29;98.29;
2025;06;08;91;95.37;95.37;
2025;06;08;92;93.17;93.17;
2025;06;08;93;93.80;93.80;
2025;06;08;94;88.92;88.92;
2025;06;08;95;84.30;84.30;
2025;06;08;96;76.43;76.43;
*
