MARGINALPIBC;
2025;06;15;1;89.59;89.59;
2025;06;15;2;76.47;76.47;
2025;06;15;3;50.00;50.00;
2025;06;15;4;50.00;50.00;
2025;06;15;5;77.50;77.50;
2025;06;15;6;49.10;49.10;
2025;06;15;7;30.00;30.00;
2025;06;15;8;30.00;30.00;
2025;06;15;9;79.58;79.58;
2025;06;15;10;77.80;77.80;
2025;06;15;11;68.70;68.70;
2025;06;15;12;48.70;48.70;
2025;06;15;13;64.70;64.70;
2025;06;15;14;77.80;77.80;
2025;06;15;15;75.70;75.70;
2025;06;15;16;53.70;53.70;
2025;06;15;17;61.35;61.35;
2025;06;15;18;73.35;73.35;
2025;06;15;19;64.35;64.35;
2025;06;15;20;59.35;59.35;
2025;06;15;21;69.00;69.00;
2025;06;15;22;69.00;69.00;
2025;06;15;23;64.00;64.00;
2025;06;15;24;60.00;60.00;
2025;06;15;25;51.22;51.22;
2025;06;15;26;60.46;60.46;
2025;06;15;27;60.46;60.46;
2025;06;15;28;38.57;38.57;
2025;06;15;29;53.83;53.83;
2025;06;15;30;30.11;30.11;
2025;06;15;31;6.00;6.00;
2025;06;15;32;2.46;2.46;
2025;06;15;33;66.75;66.75;
2025;06;15;34;13.71;13.71;
2025;06;15;35;0.00;.00;
2025;06;15;36;-2.10;-2.10;
2025;06;15;37;5.00;.00;
2025;06;15;38;4.31;.00;
2025;06;15;39;0.00;-.57;
2025;06;15;40;0.00;-15.62;
2025;06;15;41;-0.02;-.30;
2025;06;15;42;-0.01;-.57;
2025;06;15;43;-0.01;-1.00;
2025;06;15;44;-0.01;-4.53;
2025;06;15;45;0.00;-.15;
2025;06;15;46;0.00;-.60;
2025;06;15;47;0.00;-.60;
2025;06;15;48;0.00;-.60;
2025;06;15;49;0.00;-.60;
2025;06;15;50;0.00;-1.00;
2025;06;15;51;1.20;-1.21;
2025;06;15;52;1.20;-1.21;
2025;06;15;53;2.72;-2.10;
2025;06;15;54;2.72;-2.10;
2025;06;15;55;2.72;-2.10;
2025;06;15;56;2.72;-3.00;
2025;06;15;57;1.98;-2.10;
2025;06;15;58;1.98;-2.67;
2025;06;15;59;1.98;-2.67;
2025;06;15;60;1.98;-2.67;
2025;06;15;61;1.98;-2.70;
2025;06;15;62;1.98;-2.00;
2025;06;15;63;1.98;-2.00;
2025;06;15;64;1.98;-2.00;
2025;06;15;65;0.04;-1.21;
2025;06;15;66;0.04;-1.21;
2025;06;15;67;0.04;-.60;
2025;06;15;68;0.04;-.60;
2025;06;15;69;1.98;-.60;
2025;06;15;70;1.98;-.30;
2025;06;15;71;1.98;-.07;
2025;06;15;72;4.31;-.01;
2025;06;15;73;3.05;-5.50;
2025;06;15;74;3.14;-1.00;
2025;06;15;75;4.31;.00;
2025;06;15;76;5.00;.65;
2025;06;15;77;13.02;-5.00;
2025;06;15;78;18.02;.00;
2025;06;15;79;92.64;3.52;
2025;06;15;80;95.00;41.46;
2025;06;15;81;3.58;3.58;
2025;06;15;82;25.40;25.40;
2025;06;15;83;46.34;46.34;
2025;06;15;84;64.28;64.28;
2025;06;15;85;76.70;76.70;
2025;06;15;86;82.15;82.15;
2025;06;15;87;82.71;82.71;
2025;06;15;88;82.95;82.95;
2025;06;15;89;83.43;83.43;
2025;06;15;90;83.43;83.43;
2025;06;15;91;83.51;83.51;
2025;06;15;92;78.53;78.53;
2025;06;15;93;80.95;80.95;
2025;06;15;94;63.97;63.97;
2025;06;15;95;52.63;52.63;
2025;06;15;96;47.38;47.38;
*
