MARGINALPIBC;
2025;07;08;1;76.08;76.08;
2025;07;08;2;61.26;61.26;
2025;07;08;3;20.10;20.10;
2025;07;08;4;20.10;20.10;
2025;07;08;5;44.08;44.08;
2025;07;08;6;38.50;38.50;
2025;07;08;7;39.43;39.43;
2025;07;08;8;21.99;21.99;
2025;07;08;9;57.68;57.68;
2025;07;08;10;28.50;28.50;
2025;07;08;11;15.21;15.21;
2025;07;08;12;3.01;3.01;
2025;07;08;13;27.91;27.91;
2025;07;08;14;20.10;20.10;
2025;07;08;15;19.60;19.60;
2025;07;08;16;15.00;15.00;
2025;07;08;17;19.60;19.60;
2025;07;08;18;19.60;19.60;
2025;07;08;19;17.55;17.55;
2025;07;08;20;21.94;21.94;
2025;07;08;21;21.63;21.63;
2025;07;08;22;22.58;22.58;
2025;07;08;23;30.10;30.10;
2025;07;08;24;35.10;35.10;
2025;07;08;25;20.00;20.00;
2025;07;08;26;47.13;47.13;
2025;07;08;27;54.99;54.99;
2025;07;08;28;60.73;60.73;
2025;07;08;29;63.74;63.74;
2025;07;08;30;54.99;54.99;
2025;07;08;31;52.19;52.19;
2025;07;08;32;43.74;43.74;
2025;07;08;33;70.50;70.50;
2025;07;08;34;54.99;54.99;
2025;07;08;35;49.50;49.50;
2025;07;08;36;29.39;29.39;
2025;07;08;37;48.01;48.01;
2025;07;08;38;28.91;28.91;
2025;07;08;39;10.08;10.08;
2025;07;08;40;2.12;2.12;
2025;07;08;41;7.18;7.18;
2025;07;08;42;-0.10;-.10;
2025;07;08;43;-5.99;-5.99;
2025;07;08;44;-10.62;-10.62;
2025;07;08;45;4.31;-10.00;
2025;07;08;46;-5.99;-10.62;
2025;07;08;47;-11.34;-14.00;
2025;07;08;48;-11.34;-12.08;
2025;07;08;49;4.31;-6.29;
2025;07;08;50;1.87;-4.46;
2025;07;08;51;1.72;-5.60;
2025;07;08;52;-3.28;-4.28;
2025;07;08;53;-0.39;-.39;
2025;07;08;54;0.00;.00;
2025;07;08;55;0.49;.49;
2025;07;08;56;0.49;.49;
2025;07;08;57;-1.98;-1.98;
2025;07;08;58;-0.36;-.36;
2025;07;08;59;0.00;.00;
2025;07;08;60;-0.01;-.01;
2025;07;08;61;-0.01;-.01;
2025;07;08;62;2.51;-.01;
2025;07;08;63;2.51;-.01;
2025;07;08;64;2.51;.00;
2025;07;08;65;-0.21;-.50;
2025;07;08;66;0.29;-.01;
2025;07;08;67;6.00;1.25;
2025;07;08;68;10.79;5.00;
2025;07;08;69;4.22;4.22;
2025;07;08;70;10.69;10.69;
2025;07;08;71;14.60;14.60;
2025;07;08;72;25.54;25.54;
2025;07;08;73;27.59;27.59;
2025;07;08;74;35.25;35.25;
2025;07;08;75;45.16;45.16;
2025;07;08;76;55.04;55.04;
2025;07;08;77;20.39;20.39;
2025;07;08;78;51.90;51.90;
2025;07;08;79;69.38;69.38;
2025;07;08;80;97.20;97.20;
2025;07;08;81;70.82;70.82;
2025;07;08;82;92.44;92.44;
2025;07;08;83;115.62;115.62;
2025;07;08;84;122.82;122.82;
2025;07;08;85;102.60;102.60;
2025;07;08;86;115.62;115.62;
2025;07;08;87;116.69;116.69;
2025;07;08;88;116.69;116.69;
2025;07;08;89;114.23;114.23;
2025;07;08;90;112.72;112.72;
2025;07;08;91;111.00;111.00;
2025;07;08;92;99.56;99.56;
2025;07;08;93;103.00;103.00;
2025;07;08;94;93.69;93.69;
2025;07;08;95;91.22;91.22;
2025;07;08;96;87.00;87.00;
*
