MARGINALPIBC;
2025;04;24;1;68.24;68.24;
2025;04;24;2;68.24;68.24;
2025;04;24;3;59.74;59.74;
2025;04;24;4;45.00;45.00;
2025;04;24;5;56.40;56.40;
2025;04;24;6;46.50;46.50;
2025;04;24;7;40.39;40.39;
2025;04;24;8;25.00;25.00;
2025;04;24;9;56.50;56.50;
2025;04;24;10;50.20;50.20;
2025;04;24;11;50.20;50.20;
2025;04;24;12;50.00;50.00;
2025;04;24;13;17.00;17.00;
2025;04;24;14;17.00;17.00;
2025;04;24;15;17.00;17.00;
2025;04;24;16;17.00;17.00;
2025;04;24;17;17.00;17.00;
2025;04;24;18;17.00;17.00;
2025;04;24;19;17.00;17.00;
2025;04;24;20;17.00;17.00;
2025;04;24;21;14.00;14.00;
2025;04;24;22;5.00;5.00;
2025;04;24;23;5.00;5.00;
2025;04;24;24;0.01;.01;
2025;04;24;25;55.24;55.24;
2025;04;24;26;63.50;63.50;
2025;04;24;27;63.50;63.50;
2025;04;24;28;65.08;66.46;
2025;04;24;29;65.00;80.75;
2025;04;24;30;35.00;86.80;
2025;04;24;31;68.24;90.00;
2025;04;24;32;68.24;89.82;
2025;04;24;33;95.10;95.10;
2025;04;24;34;82.03;82.03;
2025;04;24;35;68.24;68.24;
2025;04;24;36;41.00;41.00;
2025;04;24;37;38.80;38.80;
2025;04;24;38;24.96;24.96;
2025;04;24;39;9.47;9.47;
2025;04;24;40;0.00;.00;
2025;04;24;41;4.68;4.68;
2025;04;24;42;3.52;3.52;
2025;04;24;43;1.89;1.89;
2025;04;24;44;0.65;.65;
2025;04;24;45;5.10;-5.21;
2025;04;24;46;5.10;-5.64;
2025;04;24;47;5.10;-6.00;
2025;04;24;48;5.10;-6.00;
2025;04;24;49;5.00;-3.62;
2025;04;24;50;4.31;-3.62;
2025;04;24;51;4.31;-3.62;
2025;04;24;52;4.31;-3.62;
2025;04;24;53;4.31;-3.62;
2025;04;24;54;4.31;-3.62;
2025;04;24;55;4.31;-3.62;
2025;04;24;56;4.31;-3.62;
2025;04;24;57;4.31;-3.01;
2025;04;24;58;4.31;-3.01;
2025;04;24;59;4.31;-3.01;
2025;04;24;60;4.31;-2.62;
2025;04;24;61;4.31;-4.00;
2025;04;24;62;4.31;-3.01;
2025;04;24;63;4.31;-2.51;
2025;04;24;64;4.31;-2.01;
2025;04;24;65;4.31;-2.01;
2025;04;24;66;4.31;-2.01;
2025;04;24;67;4.31;-2.01;
2025;04;24;68;4.31;-2.01;
2025;04;24;69;4.31;-3.00;
2025;04;24;70;4.31;-2.50;
2025;04;24;71;4.31;-2.00;
2025;04;24;72;0.01;-.62;
2025;04;24;73;-1.01;-1.01;
2025;04;24;74;0.00;.00;
2025;04;24;75;4.31;4.31;
2025;04;24;76;9.02;9.02;
2025;04;24;77;0.00;.00;
2025;04;24;78;12.37;12.37;
2025;04;24;79;63.40;63.40;
2025;04;24;80;68.24;68.24;
2025;04;24;81;72.35;78.66;
2025;04;24;82;72.35;88.41;
2025;04;24;83;99.35;99.35;
2025;04;24;84;102.60;102.60;
2025;04;24;85;108.76;108.76;
2025;04;24;86;103.03;103.03;
2025;04;24;87;103.03;103.03;
2025;04;24;88;97.76;97.76;
2025;04;24;89;95.88;95.88;
2025;04;24;90;95.03;95.03;
2025;04;24;91;76.53;92.35;
2025;04;24;92;68.24;93.05;
2025;04;24;93;86.89;86.89;
2025;04;24;94;84.07;84.07;
2025;04;24;95;68.24;79.00;
2025;04;24;96;63.10;75.01;
*
