MARGINALPIBC;
2025;05;12;1;16.31;16.31;
2025;05;12;2;9.66;9.66;
2025;05;12;3;0.00;.00;
2025;05;12;4;-1.54;-1.54;
2025;05;12;5;4.71;4.71;
2025;05;12;6;6.31;6.31;
2025;05;12;7;4.86;4.86;
2025;05;12;8;1.00;1.00;
2025;05;12;9;13.34;13.34;
2025;05;12;10;6.66;6.66;
2025;05;12;11;0.00;.00;
2025;05;12;12;0.00;.00;
2025;05;12;13;6.66;6.66;
2025;05;12;14;6.66;6.66;
2025;05;12;15;6.08;6.08;
2025;05;12;16;6.66;6.66;
2025;05;12;17;5.13;-10.62;
2025;05;12;18;2.22;-8.93;
2025;05;12;19;2.22;-5.09;
2025;05;12;20;1.11;1.11;
2025;05;12;21;0.00;.00;
2025;05;12;22;2.01;2.01;
2025;05;12;23;8.85;8.85;
2025;05;12;24;16.31;16.31;
2025;05;12;25;6.44;6.44;
2025;05;12;26;9.99;9.99;
2025;05;12;27;16.66;16.66;
2025;05;12;28;31.24;31.24;
2025;05;12;29;27.23;27.23;
2025;05;12;30;37.55;37.55;
2025;05;12;31;35.01;35.01;
2025;05;12;32;26.66;26.66;
2025;05;12;33;65.55;65.55;
2025;05;12;34;54.85;54.85;
2025;05;12;35;27.10;27.10;
2025;05;12;36;7.30;7.30;
2025;05;12;37;56.66;56.66;
2025;05;12;38;45.58;30.20;
2025;05;12;39;41.66;.00;
2025;05;12;40;41.66;-5.52;
2025;05;12;41;26.66;.65;
2025;05;12;42;45.88;.00;
2025;05;12;43;15.89;-.01;
2025;05;12;44;15.88;-1.60;
2025;05;12;45;41.66;.00;
2025;05;12;46;26.66;-.09;
2025;05;12;47;9.66;-.09;
2025;05;12;48;9.66;-.13;
2025;05;12;49;9.66;-.50;
2025;05;12;50;8.99;-.10;
2025;05;12;51;8.99;-.50;
2025;05;12;52;8.99;-.50;
2025;05;12;53;7.76;-1.00;
2025;05;12;54;7.76;-1.00;
2025;05;12;55;7.42;-.70;
2025;05;12;56;6.53;-1.54;
2025;05;12;57;15.58;-1.54;
2025;05;12;58;15.58;-1.01;
2025;05;12;59;15.58;-1.54;
2025;05;12;60;15.58;-1.54;
2025;05;12;61;15.58;-1.54;
2025;05;12;62;15.58;-1.54;
2025;05;12;63;15.58;-1.54;
2025;05;12;64;15.58;-1.54;
2025;05;12;65;15.58;-1.14;
2025;05;12;66;15.58;-1.54;
2025;05;12;67;12.58;-.70;
2025;05;12;68;9.99;-.09;
2025;05;12;69;15.58;-1.54;
2025;05;12;70;14.58;-.50;
2025;05;12;71;15.58;-.01;
2025;05;12;72;12.58;.00;
2025;05;12;73;9.66;.01;
2025;05;12;74;9.66;1.72;
2025;05;12;75;11.66;3.52;
2025;05;12;76;25.00;25.00;
2025;05;12;77;-12.00;-12.00;
2025;05;12;78;4.80;4.80;
2025;05;12;79;11.60;11.60;
2025;05;12;80;55.50;55.50;
2025;05;12;81;22.22;22.22;
2025;05;12;82;43.33;43.60;
2025;05;12;83;56.81;84.81;
2025;05;12;84;56.81;92.81;
2025;05;12;85;80.19;104.40;
2025;05;12;86;80.19;109.13;
2025;05;12;87;80.19;109.83;
2025;05;12;88;81.38;101.69;
2025;05;12;89;81.38;100.79;
2025;05;12;90;81.38;93.76;
2025;05;12;91;80.19;94.80;
2025;05;12;92;80.19;90.94;
2025;05;12;93;66.94;77.48;
2025;05;12;94;64.01;64.01;
2025;05;12;95;61.52;61.52;
2025;05;12;96;43.33;45.00;
*
