MARGINALPIBC;
2025;06;29;1;108.11;108.11;
2025;06;29;2;103.58;103.58;
2025;06;29;3;91.38;91.38;
2025;06;29;4;89.10;89.10;
2025;06;29;5;104.06;104.06;
2025;06;29;6;98.01;98.01;
2025;06;29;7;93.01;93.01;
2025;06;29;8;86.42;86.42;
2025;06;29;9;99.95;99.95;
2025;06;29;10;99.51;99.51;
2025;06;29;11;96.00;96.00;
2025;06;29;12;89.95;89.95;
2025;06;29;13;91.05;91.05;
2025;06;29;14;91.05;91.05;
2025;06;29;15;91.05;91.05;
2025;06;29;16;89.95;89.95;
2025;06;29;17;96.00;96.00;
2025;06;29;18;96.00;96.00;
2025;06;29;19;99.51;99.51;
2025;06;29;20;99.51;99.51;
2025;06;29;21;93.02;93.02;
2025;06;29;22;96.00;96.00;
2025;06;29;23;98.01;98.01;
2025;06;29;24;100.46;100.46;
2025;06;29;25;102.28;102.28;
2025;06;29;26;102.28;102.28;
2025;06;29;27;102.28;102.28;
2025;06;29;28;99.97;99.97;
2025;06;29;29;101.33;101.33;
2025;06;29;30;90.98;90.98;
2025;06;29;31;82.60;82.60;
2025;06;29;32;73.00;73.00;
2025;06;29;33;89.10;89.10;
2025;06;29;34;60.55;60.55;
2025;06;29;35;19.51;19.51;
2025;06;29;36;9.55;9.55;
2025;06;29;37;18.84;18.84;
2025;06;29;38;80.00;5.00;
2025;06;29;39;24.11;-5.93;
2025;06;29;40;-6.98;-6.98;
2025;06;29;41;13.99;13.99;
2025;06;29;42;4.31;-2.00;
2025;06;29;43;-5.00;-5.00;
2025;06;29;44;-12.16;-12.16;
2025;06;29;45;5.76;5.76;
2025;06;29;46;0.00;.00;
2025;06;29;47;0.00;.00;
2025;06;29;48;0.00;.00;
2025;06;29;49;1.00;1.00;
2025;06;29;50;1.00;.65;
2025;06;29;51;4.31;1.72;
2025;06;29;52;1.35;1.35;
2025;06;29;53;4.31;1.50;
2025;06;29;54;4.31;1.50;
2025;06;29;55;3.65;1.50;
2025;06;29;56;3.50;3.50;
2025;06;29;57;4.31;2.31;
2025;06;29;58;4.31;4.31;
2025;06;29;59;4.46;4.46;
2025;06;29;60;4.31;4.31;
2025;06;29;61;5.00;5.00;
2025;06;29;62;7.29;7.29;
2025;06;29;63;5.00;5.00;
2025;06;29;64;2.62;2.62;
2025;06;29;65;6.00;.00;
2025;06;29;66;7.00;.00;
2025;06;29;67;10.00;.65;
2025;06;29;68;7.98;7.98;
2025;06;29;69;24.11;14.00;
2025;06;29;70;29.98;29.98;
2025;06;29;71;25.50;25.50;
2025;06;29;72;39.48;39.48;
2025;06;29;73;50.69;50.69;
2025;06;29;74;60.75;60.75;
2025;06;29;75;72.35;72.35;
2025;06;29;76;83.04;83.04;
2025;06;29;77;69.17;69.17;
2025;06;29;78;84.92;84.92;
2025;06;29;79;102.14;102.14;
2025;06;29;80;117.24;117.24;
2025;06;29;81;94.67;94.67;
2025;06;29;82;112.28;112.28;
2025;06;29;83;122.10;122.10;
2025;06;29;84;130.94;130.94;
2025;06;29;85;121.00;121.00;
2025;06;29;86;128.44;128.44;
2025;06;29;87;134.45;134.45;
2025;06;29;88;142.39;142.39;
2025;06;29;89;154.52;154.52;
2025;06;29;90;156.52;156.52;
2025;06;29;91;154.67;154.67;
2025;06;29;92;153.32;153.32;
2025;06;29;93;144.50;144.50;
2025;06;29;94;138.61;138.61;
2025;06;29;95;135.00;135.00;
2025;06;29;96;128.61;128.61;
*
