MARGINALPIBC;
2025;07;22;1;131.78;131.78;
2025;07;22;2;131.78;131.78;
2025;07;22;3;125.55;125.55;
2025;07;22;4;124.78;124.78;
2025;07;22;5;128.88;128.88;
2025;07;22;6;128.80;128.80;
2025;07;22;7;121.85;121.85;
2025;07;22;8;114.45;114.45;
2025;07;22;9;107.99;107.99;
2025;07;22;10;100.00;100.00;
2025;07;22;11;100.00;100.00;
2025;07;22;12;100.00;100.00;
2025;07;22;13;101.62;101.62;
2025;07;22;14;101.12;101.12;
2025;07;22;15;101.12;101.12;
2025;07;22;16;101.12;101.12;
2025;07;22;17;100.96;100.96;
2025;07;22;18;100.96;100.96;
2025;07;22;19;100.46;100.46;
2025;07;22;20;101.46;101.46;
2025;07;22;21;107.40;107.40;
2025;07;22;22;108.38;108.38;
2025;07;22;23;108.38;108.38;
2025;07;22;24;108.40;108.40;
2025;07;22;25;102.56;102.56;
2025;07;22;26;114.56;114.56;
2025;07;22;27;128.80;128.80;
2025;07;22;28;128.80;128.80;
2025;07;22;29;139.76;139.76;
2025;07;22;30;139.76;139.76;
2025;07;22;31;132.83;132.83;
2025;07;22;32;125.55;125.55;
2025;07;22;33;131.00;131.00;
2025;07;22;34;119.39;119.39;
2025;07;22;35;96.31;96.31;
2025;07;22;36;70.45;70.45;
2025;07;22;37;99.02;99.02;
2025;07;22;38;91.82;91.82;
2025;07;22;39;76.53;76.53;
2025;07;22;40;35.00;35.00;
2025;07;22;41;72.02;72.02;
2025;07;22;42;72.73;72.73;
2025;07;22;43;40.50;40.50;
2025;07;22;44;30.79;30.79;
2025;07;22;45;77.89;77.89;
2025;07;22;46;70.00;70.00;
2025;07;22;47;60.02;60.02;
2025;07;22;48;47.03;47.03;
2025;07;22;49;59.74;59.74;
2025;07;22;50;50.00;50.00;
2025;07;22;51;38.87;38.87;
2025;07;22;52;33.75;33.75;
2025;07;22;53;35.10;35.10;
2025;07;22;54;34.09;34.09;
2025;07;22;55;31.51;31.51;
2025;07;22;56;31.46;31.46;
2025;07;22;57;31.57;31.57;
2025;07;22;58;31.57;31.57;
2025;07;22;59;31.48;31.48;
2025;07;22;60;31.35;31.35;
2025;07;22;61;31.02;31.02;
2025;07;22;62;30.85;30.85;
2025;07;22;63;29.24;29.24;
2025;07;22;64;28.25;28.25;
2025;07;22;65;26.11;26.11;
2025;07;22;66;30.11;30.11;
2025;07;22;67;40.00;40.00;
2025;07;22;68;52.33;52.33;
2025;07;22;69;31.24;31.24;
2025;07;22;70;33.75;33.75;
2025;07;22;71;44.39;44.39;
2025;07;22;72;57.79;57.79;
2025;07;22;73;31.48;31.48;
2025;07;22;74;32.27;32.27;
2025;07;22;75;51.83;51.83;
2025;07;22;76;72.73;72.73;
2025;07;22;77;30.27;30.27;
2025;07;22;78;37.11;37.11;
2025;07;22;79;76.62;76.62;
2025;07;22;80;91.66;91.66;
2025;07;22;81;90.49;90.49;
2025;07;22;82;104.12;104.12;
2025;07;22;83;122.92;122.92;
2025;07;22;84;131.74;131.74;
2025;07;22;85;138.83;138.83;
2025;07;22;86;139.76;139.76;
2025;07;22;87;140.83;140.83;
2025;07;22;88;139.76;139.76;
2025;07;22;89;137.05;137.05;
2025;07;22;90;135.05;135.05;
2025;07;22;91;135.05;135.05;
2025;07;22;92;125.06;125.06;
2025;07;22;93;128.15;128.15;
2025;07;22;94;115.39;115.39;
2025;07;22;95;112.39;112.39;
2025;07;22;96;105.40;105.40;
*
