MARGINALPIBC;
2025;06;10;1;105.99;105.99;
2025;06;10;2;105.99;105.99;
2025;06;10;3;104.12;104.12;
2025;06;10;4;101.99;101.99;
2025;06;10;5;104.55;104.55;
2025;06;10;6;102.82;102.82;
2025;06;10;7;101.99;101.99;
2025;06;10;8;100.00;100.00;
2025;06;10;9;103.00;103.00;
2025;06;10;10;101.99;101.99;
2025;06;10;11;100.90;100.90;
2025;06;10;12;100.00;100.00;
2025;06;10;13;102.11;102.11;
2025;06;10;14;101.99;101.99;
2025;06;10;15;100.90;100.90;
2025;06;10;16;100.21;100.21;
2025;06;10;17;100.00;100.00;
2025;06;10;18;100.00;100.00;
2025;06;10;19;100.00;100.00;
2025;06;10;20;101.40;101.40;
2025;06;10;21;100.00;100.00;
2025;06;10;22;100.00;100.00;
2025;06;10;23;104.13;104.13;
2025;06;10;24;105.95;105.95;
2025;06;10;25;100.00;100.00;
2025;06;10;26;100.00;100.00;
2025;06;10;27;103.00;103.00;
2025;06;10;28;106.75;106.75;
2025;06;10;29;106.75;106.75;
2025;06;10;30;109.34;109.34;
2025;06;10;31;105.99;105.99;
2025;06;10;32;104.55;104.55;
2025;06;10;33;105.99;105.99;
2025;06;10;34;102.99;102.99;
2025;06;10;35;97.99;97.99;
2025;06;10;36;86.48;86.48;
2025;06;10;37;103.61;103.61;
2025;06;10;38;97.99;97.99;
2025;06;10;39;90.00;90.00;
2025;06;10;40;68.61;68.61;
2025;06;10;41;96.60;96.60;
2025;06;10;42;90.00;90.00;
2025;06;10;43;75.00;75.00;
2025;06;10;44;65.00;65.00;
2025;06;10;45;87.47;87.47;
2025;06;10;46;75.00;75.00;
2025;06;10;47;62.37;62.37;
2025;06;10;48;47.47;47.47;
2025;06;10;49;58.60;58.60;
2025;06;10;50;58.60;58.60;
2025;06;10;51;58.60;58.60;
2025;06;10;52;61.00;61.00;
2025;06;10;53;61.60;61.60;
2025;06;10;54;61.60;61.60;
2025;06;10;55;61.00;61.00;
2025;06;10;56;61.00;61.00;
2025;06;10;57;60.94;60.94;
2025;06;10;58;60.94;60.94;
2025;06;10;59;60.94;60.94;
2025;06;10;60;60.94;60.94;
2025;06;10;61;60.38;60.38;
2025;06;10;62;60.38;60.38;
2025;06;10;63;60.38;60.38;
2025;06;10;64;60.38;60.38;
2025;06;10;65;60.51;60.51;
2025;06;10;66;60.51;60.51;
2025;06;10;67;60.51;60.51;
2025;06;10;68;66.01;66.01;
2025;06;10;69;65.12;65.12;
2025;06;10;70;83.34;83.34;
2025;06;10;71;88.35;88.35;
2025;06;10;72;88.35;88.35;
2025;06;10;73;50.03;50.03;
2025;06;10;74;75.00;75.00;
2025;06;10;75;93.60;93.60;
2025;06;10;76;100.00;100.00;
2025;06;10;77;75.70;75.70;
2025;06;10;78;93.19;93.19;
2025;06;10;79;105.46;105.46;
2025;06;10;80;125.69;125.69;
2025;06;10;81;103.00;103.00;
2025;06;10;82;112.57;112.57;
2025;06;10;83;134.58;134.58;
2025;06;10;84;141.89;141.89;
2025;06;10;85;136.78;136.78;
2025;06;10;86;140.60;140.60;
2025;06;10;87;140.56;140.56;
2025;06;10;88;136.79;136.79;
2025;06;10;89;145.00;145.00;
2025;06;10;90;142.00;142.00;
2025;06;10;91;134.00;134.00;
2025;06;10;92;125.85;125.85;
2025;06;10;93;129.00;129.00;
2025;06;10;94;115.39;115.39;
2025;06;10;95;110.63;110.63;
2025;06;10;96;105.99;105.99;
*
