MARGINALPIBC;
2025;06;17;1;144.64;144.64;
2025;06;17;2;143.64;143.64;
2025;06;17;3;139.85;139.85;
2025;06;17;4;136.50;136.50;
2025;06;17;5;140.85;140.85;
2025;06;17;6;139.76;139.76;
2025;06;17;7;135.00;135.00;
2025;06;17;8;134.28;134.28;
2025;06;17;9;134.28;134.28;
2025;06;17;10;134.28;134.28;
2025;06;17;11;133.00;133.00;
2025;06;17;12;132.00;132.00;
2025;06;17;13;132.51;132.51;
2025;06;17;14;132.51;132.51;
2025;06;17;15;131.82;131.82;
2025;06;17;16;131.82;131.82;
2025;06;17;17;133.00;133.00;
2025;06;17;18;133.54;133.54;
2025;06;17;19;134.28;134.28;
2025;06;17;20;135.00;135.00;
2025;06;17;21;122.10;122.10;
2025;06;17;22;122.10;122.10;
2025;06;17;23;132.10;132.10;
2025;06;17;24;134.28;134.28;
2025;06;17;25;133.54;133.54;
2025;06;17;26;139.78;139.78;
2025;06;17;27;143.84;143.84;
2025;06;17;28;144.82;144.82;
2025;06;17;29;155.00;155.00;
2025;06;17;30;150.99;150.99;
2025;06;17;31;143.28;143.28;
2025;06;17;32;135.72;135.72;
2025;06;17;33;145.95;145.95;
2025;06;17;34;135.88;135.88;
2025;06;17;35;126.20;126.20;
2025;06;17;36;107.87;107.87;
2025;06;17;37;112.96;112.96;
2025;06;17;38;107.46;107.46;
2025;06;17;39;90.55;90.55;
2025;06;17;40;76.01;76.01;
2025;06;17;41;83.88;83.88;
2025;06;17;42;83.81;83.81;
2025;06;17;43;67.88;67.88;
2025;06;17;44;61.95;61.95;
2025;06;17;45;67.02;67.02;
2025;06;17;46;45.00;45.00;
2025;06;17;47;38.01;38.01;
2025;06;17;48;40.11;40.11;
2025;06;17;49;51.23;51.23;
2025;06;17;50;52.79;52.79;
2025;06;17;51;49.86;49.86;
2025;06;17;52;52.79;52.79;
2025;06;17;53;50.95;50.95;
2025;06;17;54;50.95;50.95;
2025;06;17;55;50.95;50.95;
2025;06;17;56;50.95;50.95;
2025;06;17;57;45.88;45.88;
2025;06;17;58;45.88;45.88;
2025;06;17;59;45.88;45.88;
2025;06;17;60;45.88;45.88;
2025;06;17;61;31.86;31.86;
2025;06;17;62;31.01;31.01;
2025;06;17;63;29.96;29.96;
2025;06;17;64;31.01;31.01;
2025;06;17;65;30.06;29.70;
2025;06;17;66;30.06;30.06;
2025;06;17;67;36.30;36.30;
2025;06;17;68;39.85;39.85;
2025;06;17;69;80.48;58.94;
2025;06;17;70;80.48;65.59;
2025;06;17;71;80.48;80.17;
2025;06;17;72;80.48;80.17;
2025;06;17;73;58.56;58.56;
2025;06;17;74;68.43;68.43;
2025;06;17;75;91.03;91.03;
2025;06;17;76;104.26;104.26;
2025;06;17;77;84.58;84.58;
2025;06;17;78;109.25;109.25;
2025;06;17;79;123.00;123.00;
2025;06;17;80;131.00;131.00;
2025;06;17;81;127.68;127.68;
2025;06;17;82;136.40;136.40;
2025;06;17;83;141.68;141.68;
2025;06;17;84;152.48;152.48;
2025;06;17;85;159.76;159.76;
2025;06;17;86;170.76;170.76;
2025;06;17;87;179.00;179.00;
2025;06;17;88;170.76;170.76;
2025;06;17;89;167.23;167.23;
2025;06;17;90;155.00;155.00;
2025;06;17;91;152.31;152.31;
2025;06;17;92;152.03;152.03;
2025;06;17;93;140.70;140.70;
2025;06;17;94;132.91;132.91;
2025;06;17;95;127.91;127.91;
2025;06;17;96;125.07;125.07;
*
