MARGINALPIBC;
2025;06;22;1;140.01;140.01;
2025;06;22;2;130.01;130.01;
2025;06;22;3;127.28;127.28;
2025;06;22;4;120.24;120.24;
2025;06;22;5;122.46;122.46;
2025;06;22;6;125.01;125.01;
2025;06;22;7;115.83;115.83;
2025;06;22;8;108.06;108.06;
2025;06;22;9;120.48;120.48;
2025;06;22;10;113.65;113.65;
2025;06;22;11;113.65;113.65;
2025;06;22;12;113.65;113.65;
2025;06;22;13;99.14;99.14;
2025;06;22;14;103.40;103.40;
2025;06;22;15;108.59;108.59;
2025;06;22;16;113.65;113.65;
2025;06;22;17;118.94;118.94;
2025;06;22;18;119.81;119.81;
2025;06;22;19;120.00;120.00;
2025;06;22;20;120.48;120.48;
2025;06;22;21;120.00;120.00;
2025;06;22;22;120.00;120.00;
2025;06;22;23;120.45;120.45;
2025;06;22;24;120.00;120.00;
2025;06;22;25;120.00;120.00;
2025;06;22;26;118.94;118.94;
2025;06;22;27;118.94;118.94;
2025;06;22;28;115.97;115.97;
2025;06;22;29;128.67;128.67;
2025;06;22;30;118.03;118.03;
2025;06;22;31;110.67;110.67;
2025;06;22;32;103.30;103.30;
2025;06;22;33;105.74;105.74;
2025;06;22;34;101.97;101.97;
2025;06;22;35;95.17;95.17;
2025;06;22;36;48.00;48.00;
2025;06;22;37;100.14;100.14;
2025;06;22;38;81.00;81.00;
2025;06;22;39;35.65;35.65;
2025;06;22;40;3.52;3.52;
2025;06;22;41;8.91;8.91;
2025;06;22;42;3.52;3.52;
2025;06;22;43;4.31;1.72;
2025;06;22;44;4.31;.65;
2025;06;22;45;3.52;3.52;
2025;06;22;46;0.85;.85;
2025;06;22;47;0.65;.65;
2025;06;22;48;0.65;.65;
2025;06;22;49;0.65;.65;
2025;06;22;50;0.65;.65;
2025;06;22;51;0.50;.50;
2025;06;22;52;0.50;.50;
2025;06;22;53;0.65;.65;
2025;06;22;54;0.65;.65;
2025;06;22;55;0.65;.65;
2025;06;22;56;0.65;.65;
2025;06;22;57;0.65;.65;
2025;06;22;58;0.65;.65;
2025;06;22;59;0.65;.65;
2025;06;22;60;0.65;.65;
2025;06;22;61;0.65;.65;
2025;06;22;62;0.65;.65;
2025;06;22;63;0.65;.65;
2025;06;22;64;0.65;.65;
2025;06;22;65;0.00;.00;
2025;06;22;66;0.00;.00;
2025;06;22;67;0.65;.65;
2025;06;22;68;3.35;3.35;
2025;06;22;69;4.31;-2.10;
2025;06;22;70;4.31;.00;
2025;06;22;71;0.16;.16;
2025;06;22;72;5.50;5.50;
2025;06;22;73;4.31;3.68;
2025;06;22;74;16.00;16.00;
2025;06;22;75;50.82;50.82;
2025;06;22;76;85.00;85.00;
2025;06;22;77;48.41;48.41;
2025;06;22;78;83.87;83.87;
2025;06;22;79;96.11;96.11;
2025;06;22;80;123.89;123.89;
2025;06;22;81;90.00;90.00;
2025;06;22;82;105.62;105.62;
2025;06;22;83;120.00;120.00;
2025;06;22;84;135.01;135.01;
2025;06;22;85;130.01;130.01;
2025;06;22;86;133.76;133.76;
2025;06;22;87;138.00;138.00;
2025;06;22;88;140.01;140.01;
2025;06;22;89;139.97;139.97;
2025;06;22;90;140.00;140.00;
2025;06;22;91;136.71;136.71;
2025;06;22;92;132.78;132.78;
2025;06;22;93;134.77;134.77;
2025;06;22;94;132.99;132.99;
2025;06;22;95;129.77;129.77;
2025;06;22;96;123.76;123.76;
*
