MARGINALPIBC;
2025;04;21;1;19.89;19.89;
2025;04;21;2;28.99;28.99;
2025;04;21;3;28.99;28.99;
2025;04;21;4;28.90;28.90;
2025;04;21;5;24.50;24.50;
2025;04;21;6;24.50;24.50;
2025;04;21;7;24.50;24.50;
2025;04;21;8;24.50;24.50;
2025;04;21;9;25.01;25.01;
2025;04;21;10;30.00;30.00;
2025;04;21;11;30.00;30.00;
2025;04;21;12;29.16;29.16;
2025;04;21;13;45.00;45.00;
2025;04;21;14;45.50;45.50;
2025;04;21;15;45.00;45.00;
2025;04;21;16;33.62;33.62;
2025;04;21;17;26.25;26.25;
2025;04;21;18;30.00;30.00;
2025;04;21;19;31.88;31.88;
2025;04;21;20;41.52;41.52;
2025;04;21;21;16.00;16.00;
2025;04;21;22;25.01;25.01;
2025;04;21;23;30.00;30.00;
2025;04;21;24;30.00;30.00;
2025;04;21;25;35.04;35.04;
2025;04;21;26;37.98;37.98;
2025;04;21;27;39.95;39.95;
2025;04;21;28;53.52;53.52;
2025;04;21;29;63.31;63.31;
2025;04;21;30;70.01;76.74;
2025;04;21;31;72.16;78.19;
2025;04;21;32;72.16;73.24;
2025;04;21;33;69.99;85.10;
2025;04;21;34;69.99;72.24;
2025;04;21;35;65.12;65.12;
2025;04;21;36;53.52;53.52;
2025;04;21;37;45.67;45.67;
2025;04;21;38;38.98;38.98;
2025;04;21;39;30.00;30.00;
2025;04;21;40;18.97;18.97;
2025;04;21;41;36.24;36.24;
2025;04;21;42;30.00;30.00;
2025;04;21;43;16.00;16.00;
2025;04;21;44;15.73;15.73;
2025;04;21;45;20.55;20.55;
2025;04;21;46;20.55;20.55;
2025;04;21;47;22.00;22.00;
2025;04;21;48;20.00;20.00;
2025;04;21;49;18.83;18.83;
2025;04;21;50;18.73;18.73;
2025;04;21;51;17.33;17.33;
2025;04;21;52;16.42;16.42;
2025;04;21;53;24.62;24.62;
2025;04;21;54;17.61;17.61;
2025;04;21;55;13.62;13.62;
2025;04;21;56;13.62;13.62;
2025;04;21;57;13.57;13.57;
2025;04;21;58;14.93;14.93;
2025;04;21;59;16.09;16.09;
2025;04;21;60;23.73;23.73;
2025;04;21;61;14.27;14.27;
2025;04;21;62;14.27;14.27;
2025;04;21;63;14.27;14.27;
2025;04;21;64;14.27;14.27;
2025;04;21;65;16.94;16.94;
2025;04;21;66;17.44;17.44;
2025;04;21;67;17.44;17.44;
2025;04;21;68;17.44;17.44;
2025;04;21;69;19.31;19.31;
2025;04;21;70;19.32;19.32;
2025;04;21;71;25.33;25.33;
2025;04;21;72;25.33;25.33;
2025;04;21;73;27.39;27.39;
2025;04;21;74;30.00;30.00;
2025;04;21;75;44.17;44.17;
2025;04;21;76;53.48;53.48;
2025;04;21;77;81.72;81.72;
2025;04;21;78;81.72;101.83;
2025;04;21;79;99.99;109.62;
2025;04;21;80;99.99;114.24;
2025;04;21;81;124.22;124.22;
2025;04;21;82;130.37;130.37;
2025;04;21;83;134.59;134.59;
2025;04;21;84;134.34;134.34;
2025;04;21;85;165.00;165.00;
2025;04;21;86;165.00;165.00;
2025;04;21;87;165.00;165.00;
2025;04;21;88;160.89;160.89;
2025;04;21;89;121.08;121.08;
2025;04;21;90;117.30;117.30;
2025;04;21;91;116.61;116.61;
2025;04;21;92;111.90;111.90;
2025;04;21;93;114.11;114.11;
2025;04;21;94;103.50;103.50;
2025;04;21;95;102.93;102.93;
2025;04;21;96;95.49;95.49;
*
