MARGINALPIBC;
2025;04;26;1;-1.50;-1.50;
2025;04;26;2;-2.13;-2.13;
2025;04;26;3;-2.67;-2.67;
2025;04;26;4;-4.46;-4.46;
2025;04;26;5;-7.77;-7.77;
2025;04;26;6;-5.19;-5.19;
2025;04;26;7;-4.46;-4.46;
2025;04;26;8;-5.00;-5.00;
2025;04;26;9;-4.46;-4.46;
2025;04;26;10;-4.46;-4.46;
2025;04;26;11;-4.46;-4.46;
2025;04;26;12;-4.46;-4.46;
2025;04;26;13;-4.46;-4.46;
2025;04;26;14;-4.46;-4.46;
2025;04;26;15;-4.46;-4.46;
2025;04;26;16;-4.13;-4.13;
2025;04;26;17;-2.25;-2.25;
2025;04;26;18;-1.54;-1.54;
2025;04;26;19;-1.32;-1.32;
2025;04;26;20;0.00;.00;
2025;04;26;21;0.00;.00;
2025;04;26;22;0.00;.00;
2025;04;26;23;0.00;.00;
2025;04;26;24;0.00;.00;
2025;04;26;25;0.00;.00;
2025;04;26;26;0.00;.00;
2025;04;26;27;2.50;2.50;
2025;04;26;28;3.52;3.52;
2025;04;26;29;14.77;14.77;
2025;04;26;30;15.50;15.50;
2025;04;26;31;14.77;14.77;
2025;04;26;32;5.50;5.50;
2025;04;26;33;14.32;14.32;
2025;04;26;34;6.98;6.98;
2025;04;26;35;-3.02;-3.02;
2025;04;26;36;-4.46;-4.46;
2025;04;26;37;5.00;5.00;
2025;04;26;38;3.52;3.52;
2025;04;26;39;0.00;.00;
2025;04;26;40;-1.20;-1.20;
2025;04;26;41;0.00;.00;
2025;04;26;42;-0.17;-.17;
2025;04;26;43;-0.51;-.51;
2025;04;26;44;-1.71;-1.71;
2025;04;26;45;-0.17;-.17;
2025;04;26;46;-1.00;-1.00;
2025;04;26;47;-1.00;-1.00;
2025;04;26;48;-1.54;-1.54;
2025;04;26;49;-2.00;-2.00;
2025;04;26;50;-2.00;-2.00;
2025;04;26;51;-3.00;-3.00;
2025;04;26;52;-3.00;-3.00;
2025;04;26;53;-2.15;-2.15;
2025;04;26;54;-3.00;-3.00;
2025;04;26;55;-3.20;-3.20;
2025;04;26;56;-3.55;-3.55;
2025;04;26;57;-4.20;-4.20;
2025;04;26;58;-4.20;-4.20;
2025;04;26;59;-4.20;-4.20;
2025;04;26;60;-3.00;-3.00;
2025;04;26;61;-5.80;-5.80;
2025;04;26;62;-5.17;-5.17;
2025;04;26;63;-5.17;-5.17;
2025;04;26;64;-5.17;-5.17;
2025;04;26;65;-6.00;-8.40;
2025;04;26;66;-5.80;-5.80;
2025;04;26;67;-5.83;-5.83;
2025;04;26;68;-5.60;-5.60;
2025;04;26;69;-5.80;-5.80;
2025;04;26;70;-5.17;-5.17;
2025;04;26;71;-5.10;-5.10;
2025;04;26;72;-4.50;-4.50;
2025;04;26;73;-2.00;-2.00;
2025;04;26;74;-1.54;-1.54;
2025;04;26;75;-1.00;-1.00;
2025;04;26;76;-0.17;-.17;
2025;04;26;77;-5.37;-5.37;
2025;04;26;78;-2.01;-2.01;
2025;04;26;79;2.00;2.00;
2025;04;26;80;3.52;3.52;
2025;04;26;81;-4.46;-4.46;
2025;04;26;82;-1.00;-1.00;
2025;04;26;83;15.50;15.50;
2025;04;26;84;16.47;16.47;
2025;04;26;85;23.03;23.03;
2025;04;26;86;23.05;23.05;
2025;04;26;87;23.81;23.81;
2025;04;26;88;23.81;23.81;
2025;04;26;89;18.46;18.46;
2025;04;26;90;18.46;18.46;
2025;04;26;91;18.44;18.44;
2025;04;26;92;18.44;18.44;
2025;04;26;93;8.38;8.38;
2025;04;26;94;11.08;11.08;
2025;04;26;95;12.58;12.58;
2025;04;26;96;13.08;13.08;
*
