MARGINALPIBC;
2025;05;21;1;46.18;46.18;
2025;05;21;2;25.00;25.00;
2025;05;21;3;8.89;8.89;
2025;05;21;4;4.73;4.73;
2025;05;21;5;39.26;39.26;
2025;05;21;6;17.80;17.80;
2025;05;21;7;17.37;17.37;
2025;05;21;8;15.85;15.85;
2025;05;21;9;28.65;28.65;
2025;05;21;10;17.00;17.00;
2025;05;21;11;17.00;17.00;
2025;05;21;12;12.22;12.22;
2025;05;21;13;19.14;19.14;
2025;05;21;14;20.20;20.20;
2025;05;21;15;19.25;19.25;
2025;05;21;16;19.01;19.01;
2025;05;21;17;11.02;11.02;
2025;05;21;18;15.68;15.68;
2025;05;21;19;16.18;16.18;
2025;05;21;20;26.72;26.72;
2025;05;21;21;17.00;17.00;
2025;05;21;22;20.72;20.72;
2025;05;21;23;19.76;19.76;
2025;05;21;24;40.20;40.20;
2025;05;21;25;18.69;18.69;
2025;05;21;26;31.26;31.26;
2025;05;21;27;33.27;33.27;
2025;05;21;28;48.70;48.70;
2025;05;21;29;60.56;60.56;
2025;05;21;30;68.87;68.87;
2025;05;21;31;60.56;60.56;
2025;05;21;32;47.03;47.03;
2025;05;21;33;70.53;70.53;
2025;05;21;34;44.99;44.99;
2025;05;21;35;4.81;4.81;
2025;05;21;36;-1.30;-1.30;
2025;05;21;37;59.43;36.73;
2025;05;21;38;59.43;20.50;
2025;05;21;39;47.32;-9.35;
2025;05;21;40;47.32;-10.14;
2025;05;21;41;61.74;.85;
2025;05;21;42;59.43;.00;
2025;05;21;43;47.32;.00;
2025;05;21;44;47.32;-3.75;
2025;05;21;45;47.32;.00;
2025;05;21;46;47.32;-.01;
2025;05;21;47;47.32;-.04;
2025;05;21;48;47.32;-.04;
2025;05;21;49;20.80;-.50;
2025;05;21;50;13.45;-.60;
2025;05;21;51;10.79;-.60;
2025;05;21;52;10.79;-.60;
2025;05;21;53;10.30;-.60;
2025;05;21;54;10.30;-.60;
2025;05;21;55;10.30;-.60;
2025;05;21;56;10.30;-.60;
2025;05;21;57;10.09;-.50;
2025;05;21;58;10.09;-1.00;
2025;05;21;59;10.09;-1.00;
2025;05;21;60;10.09;-1.00;
2025;05;21;61;9.09;-1.10;
2025;05;21;62;7.09;-1.10;
2025;05;21;63;6.59;-1.10;
2025;05;21;64;6.59;-1.10;
2025;05;21;65;6.38;-3.94;
2025;05;21;66;6.00;-1.10;
2025;05;21;67;6.00;-1.10;
2025;05;21;68;6.00;-.60;
2025;05;21;69;5.76;-.60;
2025;05;21;70;5.76;-.60;
2025;05;21;71;6.00;-.50;
2025;05;21;72;6.00;.00;
2025;05;21;73;4.12;-4.99;
2025;05;21;74;4.09;.00;
2025;05;21;75;5.76;.01;
2025;05;21;76;6.59;3.52;
2025;05;21;77;-2.15;-6.00;
2025;05;21;78;5.64;-.50;
2025;05;21;79;16.07;16.07;
2025;05;21;80;35.52;35.52;
2025;05;21;81;-1.30;-1.30;
2025;05;21;82;18.28;18.28;
2025;05;21;83;35.29;35.29;
2025;05;21;84;53.60;53.60;
2025;05;21;85;56.39;61.39;
2025;05;21;86;56.39;63.48;
2025;05;21;87;56.39;61.39;
2025;05;21;88;54.35;54.35;
2025;05;21;89;41.78;41.78;
2025;05;21;90;36.43;36.43;
2025;05;21;91;31.94;31.94;
2025;05;21;92;18.45;18.45;
2025;05;21;93;32.73;32.73;
2025;05;21;94;26.27;26.27;
2025;05;21;95;21.30;21.30;
2025;05;21;96;10.16;10.16;
*
