MARGINALPIBC;
2025;07;29;1;53.05;53.05;
2025;07;29;2;53.93;53.93;
2025;07;29;3;40.13;40.13;
2025;07;29;4;35.18;35.18;
2025;07;29;5;47.00;47.00;
2025;07;29;6;41.00;41.00;
2025;07;29;7;22.47;22.47;
2025;07;29;8;22.47;22.47;
2025;07;29;9;39.78;39.78;
2025;07;29;10;39.16;39.16;
2025;07;29;11;14.76;14.76;
2025;07;29;12;11.84;11.84;
2025;07;29;13;32.00;32.00;
2025;07;29;14;16.00;16.00;
2025;07;29;15;16.00;16.00;
2025;07;29;16;16.00;16.00;
2025;07;29;17;16.50;16.50;
2025;07;29;18;14.28;14.28;
2025;07;29;19;12.00;12.00;
2025;07;29;20;14.28;14.28;
2025;07;29;21;17.12;17.12;
2025;07;29;22;19.28;19.28;
2025;07;29;23;24.23;24.23;
2025;07;29;24;34.78;34.78;
2025;07;29;25;25.88;25.88;
2025;07;29;26;41.25;41.25;
2025;07;29;27;46.10;46.10;
2025;07;29;28;47.90;47.90;
2025;07;29;29;51.96;51.96;
2025;07;29;30;52.37;52.37;
2025;07;29;31;52.37;52.37;
2025;07;29;32;50.07;50.07;
2025;07;29;33;59.95;59.95;
2025;07;29;34;49.65;49.65;
2025;07;29;35;9.45;9.45;
2025;07;29;36;-0.50;-.50;
2025;07;29;37;46.10;46.10;
2025;07;29;38;19.21;19.21;
2025;07;29;39;1.99;1.99;
2025;07;29;40;1.00;-10.79;
2025;07;29;41;29.21;29.21;
2025;07;29;42;12.52;12.52;
2025;07;29;43;5.11;5.11;
2025;07;29;44;4.31;4.31;
2025;07;29;45;1.72;1.72;
2025;07;29;46;0.65;.65;
2025;07;29;47;0.65;.65;
2025;07;29;48;0.65;.65;
2025;07;29;49;0.65;.65;
2025;07;29;50;0.65;.65;
2025;07;29;51;0.65;.65;
2025;07;29;52;0.65;.65;
2025;07;29;53;1.34;1.34;
2025;07;29;54;1.55;1.55;
2025;07;29;55;1.34;1.34;
2025;07;29;56;0.00;.00;
2025;07;29;57;0.65;.65;
2025;07;29;58;0.85;.85;
2025;07;29;59;0.85;.85;
2025;07;29;60;1.00;1.00;
2025;07;29;61;0.65;.65;
2025;07;29;62;1.00;1.00;
2025;07;29;63;1.55;1.55;
2025;07;29;64;1.72;1.72;
2025;07;29;65;0.00;.00;
2025;07;29;66;0.00;.00;
2025;07;29;67;0.00;.00;
2025;07;29;68;0.65;.65;
2025;07;29;69;1.11;1.11;
2025;07;29;70;1.55;1.55;
2025;07;29;71;4.31;4.31;
2025;07;29;72;5.11;5.11;
2025;07;29;73;3.10;3.10;
2025;07;29;74;9.99;9.99;
2025;07;29;75;28.00;28.00;
2025;07;29;76;67.00;67.00;
2025;07;29;77;9.89;-10.00;
2025;07;29;78;24.62;.00;
2025;07;29;79;44.17;44.17;
2025;07;29;80;67.54;67.54;
2025;07;29;81;37.80;37.80;
2025;07;29;82;51.82;51.82;
2025;07;29;83;84.22;84.22;
2025;07;29;84;96.96;96.96;
2025;07;29;85;90.22;90.22;
2025;07;29;86;93.00;93.00;
2025;07;29;87;94.89;94.89;
2025;07;29;88;92.40;92.40;
2025;07;29;89;94.49;94.49;
2025;07;29;90;93.28;93.28;
2025;07;29;91;96.20;96.20;
2025;07;29;92;92.94;92.94;
2025;07;29;93;82.74;82.74;
2025;07;29;94;74.14;74.14;
2025;07;29;95;61.16;61.16;
2025;07;29;96;59.01;59.01;
*
