MARGINALPIBC;
2025;06;16;1;75.10;75.10;
2025;06;16;2;55.50;55.50;
2025;06;16;3;32.74;32.74;
2025;06;16;4;27.70;27.70;
2025;06;16;5;36.89;36.89;
2025;06;16;6;19.96;19.96;
2025;06;16;7;14.50;14.50;
2025;06;16;8;4.46;4.46;
2025;06;16;9;24.87;24.87;
2025;06;16;10;16.56;16.56;
2025;06;16;11;16.55;16.55;
2025;06;16;12;1.58;1.58;
2025;06;16;13;3.50;3.50;
2025;06;16;14;3.50;3.50;
2025;06;16;15;1.27;1.27;
2025;06;16;16;3.50;3.50;
2025;06;16;17;14.97;14.97;
2025;06;16;18;14.97;14.97;
2025;06;16;19;14.98;14.98;
2025;06;16;20;22.50;22.50;
2025;06;16;21;24.73;24.73;
2025;06;16;22;30.11;30.11;
2025;06;16;23;49.76;49.76;
2025;06;16;24;61.76;61.76;
2025;06;16;25;35.50;35.50;
2025;06;16;26;40.00;40.00;
2025;06;16;27;40.00;40.00;
2025;06;16;28;53.32;53.32;
2025;06;16;29;90.00;90.00;
2025;06;16;30;91.60;91.60;
2025;06;16;31;90.36;90.36;
2025;06;16;32;65.16;65.16;
2025;06;16;33;71.41;71.41;
2025;06;16;34;58.49;58.49;
2025;06;16;35;38.49;38.49;
2025;06;16;36;29.83;29.83;
2025;06;16;37;30.00;30.00;
2025;06;16;38;19.97;19.97;
2025;06;16;39;19.98;-1.79;
2025;06;16;40;20.00;-6.00;
2025;06;16;41;14.73;-.07;
2025;06;16;42;14.73;-14.00;
2025;06;16;43;14.73;-15.00;
2025;06;16;44;14.73;-15.00;
2025;06;16;45;15.01;-10.00;
2025;06;16;46;15.01;-10.62;
2025;06;16;47;15.01;-10.62;
2025;06;16;48;15.01;-10.62;
2025;06;16;49;15.73;-1.35;
2025;06;16;50;15.73;-1.85;
2025;06;16;51;15.73;-1.35;
2025;06;16;52;15.73;-1.35;
2025;06;16;53;24.11;-2.15;
2025;06;16;54;21.56;-1.15;
2025;06;16;55;15.73;-.65;
2025;06;16;56;15.73;-1.15;
2025;06;16;57;15.73;-.78;
2025;06;16;58;15.73;-.28;
2025;06;16;59;21.56;-.07;
2025;06;16;60;35.73;-.28;
2025;06;16;61;15.73;-.07;
2025;06;16;62;15.73;-.01;
2025;06;16;63;24.11;.65;
2025;06;16;64;55.73;3.67;
2025;06;16;65;17.72;7.74;
2025;06;16;66;17.72;14.68;
2025;06;16;67;23.23;23.23;
2025;06;16;68;30.79;30.79;
2025;06;16;69;37.70;-.07;
2025;06;16;70;47.69;1.99;
2025;06;16;71;47.69;47.69;
2025;06;16;72;60.07;60.07;
2025;06;16;73;50.20;50.20;
2025;06;16;74;62.20;62.20;
2025;06;16;75;96.60;96.60;
2025;06;16;76;92.78;92.78;
2025;06;16;77;82.20;82.20;
2025;06;16;78;102.44;102.44;
2025;06;16;79;112.20;112.20;
2025;06;16;80;128.92;128.92;
2025;06;16;81;112.67;112.67;
2025;06;16;82;120.53;120.53;
2025;06;16;83;133.41;133.41;
2025;06;16;84;145.50;145.50;
2025;06;16;85;120.00;208.83;
2025;06;16;86;120.00;220.00;
2025;06;16;87;120.00;220.00;
2025;06;16;88;190.00;210.00;
2025;06;16;89;175.71;175.71;
2025;06;16;90;170.90;170.90;
2025;06;16;91;164.13;164.13;
2025;06;16;92;161.34;161.34;
2025;06;16;93;136.41;136.41;
2025;06;16;94;124.40;124.40;
2025;06;16;95;121.23;121.23;
2025;06;16;96;119.14;119.14;
*
