MARGINALPIBC;
2025;06;14;1;106.21;106.21;
2025;06;14;2;106.96;106.96;
2025;06;14;3;106.35;106.35;
2025;06;14;4;105.74;105.74;
2025;06;14;5;106.05;106.05;
2025;06;14;6;106.00;106.00;
2025;06;14;7;105.44;105.44;
2025;06;14;8;104.83;104.83;
2025;06;14;9;106.00;106.00;
2025;06;14;10;105.53;105.53;
2025;06;14;11;104.92;104.92;
2025;06;14;12;104.92;104.92;
2025;06;14;13;101.98;101.98;
2025;06;14;14;101.98;101.98;
2025;06;14;15;101.98;101.98;
2025;06;14;16;101.98;101.98;
2025;06;14;17;103.00;103.00;
2025;06;14;18;103.00;103.00;
2025;06;14;19;103.55;103.55;
2025;06;14;20;103.00;103.00;
2025;06;14;21;104.00;104.00;
2025;06;14;22;102.86;102.86;
2025;06;14;23;104.70;104.70;
2025;06;14;24;104.83;104.83;
2025;06;14;25;107.90;107.90;
2025;06;14;26;107.90;107.90;
2025;06;14;27;108.23;108.23;
2025;06;14;28;107.90;107.90;
2025;06;14;29;104.80;104.80;
2025;06;14;30;101.41;101.41;
2025;06;14;31;95.65;95.65;
2025;06;14;32;75.81;75.81;
2025;06;14;33;91.21;91.21;
2025;06;14;34;86.21;86.21;
2025;06;14;35;56.21;56.21;
2025;06;14;36;27.37;27.37;
2025;06;14;37;47.14;44.17;
2025;06;14;38;20.33;14.67;
2025;06;14;39;5.85;-2.10;
2025;06;14;40;5.25;-5.80;
2025;06;14;41;13.98;13.98;
2025;06;14;42;1.55;.65;
2025;06;14;43;1.55;-3.47;
2025;06;14;44;1.55;-14.72;
2025;06;14;45;1.99;.65;
2025;06;14;46;1.55;.00;
2025;06;14;47;1.55;.00;
2025;06;14;48;1.55;.00;
2025;06;14;49;4.31;.00;
2025;06;14;50;2.14;.00;
2025;06;14;51;1.99;.00;
2025;06;14;52;1.99;.00;
2025;06;14;53;4.31;.00;
2025;06;14;54;4.31;.00;
2025;06;14;55;4.31;.00;
2025;06;14;56;2.73;.00;
2025;06;14;57;4.31;.00;
2025;06;14;58;1.99;.00;
2025;06;14;59;1.99;.00;
2025;06;14;60;1.99;.00;
2025;06;14;61;0.05;-.01;
2025;06;14;62;0.05;-.01;
2025;06;14;63;0.05;.00;
2025;06;14;64;0.65;.65;
2025;06;14;65;0.00;-5.50;
2025;06;14;66;0.00;-2.10;
2025;06;14;67;0.65;.65;
2025;06;14;68;0.85;.85;
2025;06;14;69;-0.95;-15.73;
2025;06;14;70;-0.95;-.95;
2025;06;14;71;0.85;.85;
2025;06;14;72;3.52;3.52;
2025;06;14;73;0.00;.00;
2025;06;14;74;7.50;7.50;
2025;06;14;75;21.81;21.81;
2025;06;14;76;31.31;31.31;
2025;06;14;77;16.27;16.27;
2025;06;14;78;36.47;36.47;
2025;06;14;79;41.77;41.77;
2025;06;14;80;82.51;82.51;
2025;06;14;81;50.91;50.91;
2025;06;14;82;78.01;78.01;
2025;06;14;83;91.95;91.95;
2025;06;14;84;98.15;98.15;
2025;06;14;85;100.06;100.06;
2025;06;14;86;101.96;101.96;
2025;06;14;87;101.96;101.96;
2025;06;14;88;101.96;101.96;
2025;06;14;89;104.88;104.88;
2025;06;14;90;104.12;104.12;
2025;06;14;91;105.88;105.88;
2025;06;14;92;102.98;102.98;
2025;06;14;93;103.38;103.38;
2025;06;14;94;100.83;100.83;
2025;06;14;95;98.98;98.98;
2025;06;14;96;95.40;95.40;
*
