MARGINALPIBC;
2025;06;23;1;100.00;100.00;
2025;06;23;2;109.05;109.05;
2025;06;23;3;108.68;108.68;
2025;06;23;4;102.18;102.18;
2025;06;23;5;109.63;109.63;
2025;06;23;6;109.77;109.77;
2025;06;23;7;108.34;108.34;
2025;06;23;8;105.58;105.58;
2025;06;23;9;109.01;109.01;
2025;06;23;10;107.76;107.76;
2025;06;23;11;107.76;107.76;
2025;06;23;12;107.76;107.76;
2025;06;23;13;108.78;108.78;
2025;06;23;14;108.78;108.78;
2025;06;23;15;108.78;108.78;
2025;06;23;16;107.57;107.57;
2025;06;23;17;108.06;108.06;
2025;06;23;18;107.94;107.94;
2025;06;23;19;109.39;109.39;
2025;06;23;20;109.39;109.39;
2025;06;23;21;107.76;107.76;
2025;06;23;22;107.76;107.76;
2025;06;23;23;109.41;109.41;
2025;06;23;24;109.42;109.42;
2025;06;23;25;107.07;107.07;
2025;06;23;26;109.05;109.05;
2025;06;23;27;110.07;110.07;
2025;06;23;28;110.74;110.74;
2025;06;23;29;126.77;126.77;
2025;06;23;30;126.57;126.57;
2025;06;23;31;124.97;124.97;
2025;06;23;32;110.07;110.07;
2025;06;23;33;126.57;126.57;
2025;06;23;34;115.32;115.32;
2025;06;23;35;109.05;109.05;
2025;06;23;36;99.49;99.49;
2025;06;23;37;123.67;123.67;
2025;06;23;38;109.88;109.88;
2025;06;23;39;98.86;98.86;
2025;06;23;40;84.03;84.03;
2025;06;23;41;80.00;80.00;
2025;06;23;42;72.64;72.64;
2025;06;23;43;69.81;69.81;
2025;06;23;44;59.84;59.84;
2025;06;23;45;64.16;64.16;
2025;06;23;46;64.16;64.16;
2025;06;23;47;64.16;64.16;
2025;06;23;48;65.21;65.21;
2025;06;23;49;65.21;65.21;
2025;06;23;50;65.21;65.21;
2025;06;23;51;64.14;64.14;
2025;06;23;52;63.27;63.27;
2025;06;23;53;63.67;63.67;
2025;06;23;54;63.67;63.67;
2025;06;23;55;63.13;63.13;
2025;06;23;56;60.76;60.76;
2025;06;23;57;51.68;51.68;
2025;06;23;58;51.68;51.68;
2025;06;23;59;52.42;52.42;
2025;06;23;60;52.42;52.42;
2025;06;23;61;63.67;63.67;
2025;06;23;62;61.77;61.77;
2025;06;23;63;63.67;63.67;
2025;06;23;64;63.67;63.67;
2025;06;23;65;65.21;65.21;
2025;06;23;66;69.81;69.81;
2025;06;23;67;71.39;71.39;
2025;06;23;68;76.40;76.40;
2025;06;23;69;76.01;76.01;
2025;06;23;70;72.64;72.64;
2025;06;23;71;80.01;80.01;
2025;06;23;72;87.50;87.50;
2025;06;23;73;78.00;78.00;
2025;06;23;74;94.80;94.80;
2025;06;23;75;102.00;102.00;
2025;06;23;76;112.07;112.07;
2025;06;23;77;97.00;97.00;
2025;06;23;78;110.07;110.07;
2025;06;23;79;122.53;122.53;
2025;06;23;80;130.20;130.20;
2025;06;23;81;110.46;110.46;
2025;06;23;82;126.44;126.44;
2025;06;23;83;151.42;151.42;
2025;06;23;84;175.61;175.61;
2025;06;23;85;205.56;205.56;
2025;06;23;86;210.76;210.76;
2025;06;23;87;210.76;210.76;
2025;06;23;88;210.77;210.77;
2025;06;23;89;192.65;192.65;
2025;06;23;90;190.85;190.85;
2025;06;23;91;180.14;180.14;
2025;06;23;92;173.14;173.14;
2025;06;23;93;150.82;150.82;
2025;06;23;94;144.82;144.82;
2025;06;23;95;140.82;140.82;
2025;06;23;96;135.82;135.82;
*
