MARGINALPIBC;
2025;07;20;1;75.78;75.78;
2025;07;20;2;75.54;75.54;
2025;07;20;3;72.72;72.72;
2025;07;20;4;42.23;42.23;
2025;07;20;5;75.30;75.30;
2025;07;20;6;75.30;75.30;
2025;07;20;7;61.91;61.91;
2025;07;20;8;35.25;35.25;
2025;07;20;9;75.30;75.30;
2025;07;20;10;48.33;48.33;
2025;07;20;11;39.81;39.81;
2025;07;20;12;23.08;23.08;
2025;07;20;13;65.80;65.80;
2025;07;20;14;49.92;49.92;
2025;07;20;15;33.81;33.81;
2025;07;20;16;18.07;18.07;
2025;07;20;17;45.68;45.68;
2025;07;20;18;35.81;35.81;
2025;07;20;19;26.04;26.04;
2025;07;20;20;30.98;30.98;
2025;07;20;21;32.11;32.11;
2025;07;20;22;36.47;36.47;
2025;07;20;23;34.14;34.14;
2025;07;20;24;29.49;29.49;
2025;07;20;25;27.58;27.58;
2025;07;20;26;34.34;34.34;
2025;07;20;27;21.44;21.44;
2025;07;20;28;33.44;33.44;
2025;07;20;29;26.00;26.00;
2025;07;20;30;3.30;3.30;
2025;07;20;31;-1.99;-1.99;
2025;07;20;32;-8.99;-8.99;
2025;07;20;33;28.79;28.79;
2025;07;20;34;0.49;.49;
2025;07;20;35;-5.51;-5.51;
2025;07;20;36;-6.31;-6.31;
2025;07;20;37;3.52;3.52;
2025;07;20;38;0.65;.65;
2025;07;20;39;-1.01;-1.01;
2025;07;20;40;-5.90;-5.90;
2025;07;20;41;-0.97;-.97;
2025;07;20;42;-3.00;-3.00;
2025;07;20;43;-3.00;-3.00;
2025;07;20;44;0.00;-3.00;
2025;07;20;45;0.01;.00;
2025;07;20;46;4.31;.00;
2025;07;20;47;0.00;-.62;
2025;07;20;48;0.00;-2.10;
2025;07;20;49;0.99;-.01;
2025;07;20;50;0.99;-.01;
2025;07;20;51;0.14;-.01;
2025;07;20;52;0.00;-.01;
2025;07;20;53;0.65;.65;
2025;07;20;54;0.65;.65;
2025;07;20;55;0.65;.65;
2025;07;20;56;0.00;.00;
2025;07;20;57;0.99;.00;
2025;07;20;58;0.00;.00;
2025;07;20;59;0.00;.00;
2025;07;20;60;0.00;.00;
2025;07;20;61;-0.65;-1.62;
2025;07;20;62;-0.65;-.97;
2025;07;20;63;-0.50;-.50;
2025;07;20;64;-0.65;-.65;
2025;07;20;65;0.00;-.47;
2025;07;20;66;0.00;-.50;
2025;07;20;67;0.00;-.47;
2025;07;20;68;-0.01;-.01;
2025;07;20;69;-0.61;-5.62;
2025;07;20;70;0.00;-3.53;
2025;07;20;71;0.00;-.97;
2025;07;20;72;0.00;-.56;
2025;07;20;73;0.00;-9.00;
2025;07;20;74;0.00;-3.00;
2025;07;20;75;0.00;.00;
2025;07;20;76;0.00;.00;
2025;07;20;77;-9.70;-9.70;
2025;07;20;78;-0.97;-.97;
2025;07;20;79;20.33;20.33;
2025;07;20;80;79.89;79.89;
2025;07;20;81;-8.99;-8.99;
2025;07;20;82;8.81;8.81;
2025;07;20;83;49.88;49.88;
2025;07;20;84;83.87;83.87;
2025;07;20;85;36.84;36.84;
2025;07;20;86;66.60;66.60;
2025;07;20;87;72.19;72.19;
2025;07;20;88;75.54;75.54;
2025;07;20;89;82.80;82.80;
2025;07;20;90;82.80;82.80;
2025;07;20;91;85.21;85.21;
2025;07;20;92;82.01;82.01;
2025;07;20;93;86.16;86.16;
2025;07;20;94;78.72;78.72;
2025;07;20;95;72.27;72.27;
2025;07;20;96;53.31;53.31;
*
