MARGINALPIBC;
2025;07;11;1;127.82;127.82;
2025;07;11;2;126.74;126.74;
2025;07;11;3;122.69;122.69;
2025;07;11;4;113.74;113.74;
2025;07;11;5;130.46;130.46;
2025;07;11;6;127.82;127.82;
2025;07;11;7;120.46;120.46;
2025;07;11;8;116.98;116.98;
2025;07;11;9;120.42;120.42;
2025;07;11;10;125.85;125.85;
2025;07;11;11;125.24;125.24;
2025;07;11;12;127.82;127.82;
2025;07;11;13;121.73;121.73;
2025;07;11;14;120.42;120.42;
2025;07;11;15;120.42;120.42;
2025;07;11;16;121.73;121.73;
2025;07;11;17;120.42;120.42;
2025;07;11;18;118.73;118.73;
2025;07;11;19;118.73;118.73;
2025;07;11;20;120.42;120.42;
2025;07;11;21;123.02;123.02;
2025;07;11;22;122.33;122.33;
2025;07;11;23;127.82;127.82;
2025;07;11;24;128.33;128.33;
2025;07;11;25;119.72;119.72;
2025;07;11;26;127.82;127.82;
2025;07;11;27;133.80;133.80;
2025;07;11;28;143.00;143.00;
2025;07;11;29;155.99;155.99;
2025;07;11;30;156.39;156.39;
2025;07;11;31;150.00;150.00;
2025;07;11;32;131.00;131.00;
2025;07;11;33;160.76;160.76;
2025;07;11;34;146.77;146.77;
2025;07;11;35;127.14;127.14;
2025;07;11;36;112.07;112.07;
2025;07;11;37;123.02;123.02;
2025;07;11;38;110.34;110.34;
2025;07;11;39;104.34;104.34;
2025;07;11;40;82.00;82.00;
2025;07;11;41;85.00;85.00;
2025;07;11;42;78.99;78.99;
2025;07;11;43;62.95;62.95;
2025;07;11;44;62.85;38.10;
2025;07;11;45;88.10;88.10;
2025;07;11;46;81.83;81.83;
2025;07;11;47;76.75;76.75;
2025;07;11;48;74.19;74.19;
2025;07;11;49;87.03;87.03;
2025;07;11;50;85.00;85.00;
2025;07;11;51;79.00;79.00;
2025;07;11;52;78.00;78.00;
2025;07;11;53;86.46;86.46;
2025;07;11;54;85.00;85.00;
2025;07;11;55;79.01;79.01;
2025;07;11;56;77.40;77.40;
2025;07;11;57;77.40;77.40;
2025;07;11;58;77.27;77.27;
2025;07;11;59;77.27;77.27;
2025;07;11;60;76.88;76.88;
2025;07;11;61;77.14;77.14;
2025;07;11;62;77.14;77.14;
2025;07;11;63;76.88;76.88;
2025;07;11;64;76.88;76.88;
2025;07;11;65;76.75;76.75;
2025;07;11;66;76.75;76.75;
2025;07;11;67;76.88;76.88;
2025;07;11;68;76.88;76.88;
2025;07;11;69;76.88;76.88;
2025;07;11;70;77.14;77.14;
2025;07;11;71;77.27;77.27;
2025;07;11;72;77.40;77.40;
2025;07;11;73;73.73;73.73;
2025;07;11;74;74.19;74.19;
2025;07;11;75;77.00;77.00;
2025;07;11;76;80.35;80.35;
2025;07;11;77;74.19;74.19;
2025;07;11;78;77.27;77.27;
2025;07;11;79;90.27;90.27;
2025;07;11;80;109.23;109.23;
2025;07;11;81;78.79;78.79;
2025;07;11;82;101.38;101.38;
2025;07;11;83;127.82;127.82;
2025;07;11;84;149.00;149.00;
2025;07;11;85;125.67;125.67;
2025;07;11;86;143.00;143.00;
2025;07;11;87;147.72;147.72;
2025;07;11;88;150.00;150.00;
2025;07;11;89;150.00;150.00;
2025;07;11;90;150.00;150.00;
2025;07;11;91;148.64;148.64;
2025;07;11;92;140.66;140.66;
2025;07;11;93;144.99;144.99;
2025;07;11;94;143.00;143.00;
2025;07;11;95;135.54;135.54;
2025;07;11;96;123.50;123.50;
*
