MARGINALPIBC;
2025;05;22;1;5.11;5.11;
2025;05;22;2;7.00;7.00;
2025;05;22;3;-0.05;-.05;
2025;05;22;4;-2.44;-2.44;
2025;05;22;5;22.68;22.68;
2025;05;22;6;14.00;14.00;
2025;05;22;7;12.00;12.00;
2025;05;22;8;11.64;11.64;
2025;05;22;9;17.00;17.00;
2025;05;22;10;14.00;14.00;
2025;05;22;11;13.00;13.00;
2025;05;22;12;12.00;12.00;
2025;05;22;13;13.10;13.10;
2025;05;22;14;13.00;13.00;
2025;05;22;15;10.00;10.00;
2025;05;22;16;10.00;10.00;
2025;05;22;17;12.00;12.00;
2025;05;22;18;12.00;12.00;
2025;05;22;19;12.00;12.00;
2025;05;22;20;12.00;12.00;
2025;05;22;21;12.00;12.00;
2025;05;22;22;14.00;14.00;
2025;05;22;23;17.96;17.96;
2025;05;22;24;20.61;20.61;
2025;05;22;25;0.00;.00;
2025;05;22;26;7.00;7.00;
2025;05;22;27;6.00;6.00;
2025;05;22;28;14.00;14.00;
2025;05;22;29;14.00;14.00;
2025;05;22;30;14.00;14.00;
2025;05;22;31;10.00;10.00;
2025;05;22;32;0.00;.00;
2025;05;22;33;49.98;49.98;
2025;05;22;34;25.47;25.47;
2025;05;22;35;5.65;5.65;
2025;05;22;36;-1.54;-1.54;
2025;05;22;37;19.99;19.99;
2025;05;22;38;4.79;3.52;
2025;05;22;39;4.79;.99;
2025;05;22;40;4.79;.00;
2025;05;22;41;3.52;3.52;
2025;05;22;42;0.65;.65;
2025;05;22;43;0.00;.00;
2025;05;22;44;-0.04;-.04;
2025;05;22;45;-0.01;-.01;
2025;05;22;46;-0.04;-.04;
2025;05;22;47;-0.04;-.04;
2025;05;22;48;-0.44;-.44;
2025;05;22;49;6.00;-.04;
2025;05;22;50;5.76;-.04;
2025;05;22;51;5.76;-.50;
2025;05;22;52;5.76;-1.00;
2025;05;22;53;5.76;-.54;
2025;05;22;54;5.76;-1.01;
2025;05;22;55;-0.12;-1.54;
2025;05;22;56;-0.12;-1.54;
2025;05;22;57;5.76;-.01;
2025;05;22;58;-0.04;-.04;
2025;05;22;59;-0.04;-.04;
2025;05;22;60;-0.04;-.04;
2025;05;22;61;0.00;-.50;
2025;05;22;62;5.76;-.50;
2025;05;22;63;5.76;-.50;
2025;05;22;64;5.76;-.50;
2025;05;22;65;5.76;-.39;
2025;05;22;66;5.76;-.04;
2025;05;22;67;5.76;-.04;
2025;05;22;68;5.76;-.04;
2025;05;22;69;-1.00;-1.00;
2025;05;22;70;-0.04;-.04;
2025;05;22;71;0.00;.00;
2025;05;22;72;0.00;.00;
2025;05;22;73;5.76;.00;
2025;05;22;74;6.00;.65;
2025;05;22;75;9.88;3.52;
2025;05;22;76;35.49;3.52;
2025;05;22;77;-0.04;-.04;
2025;05;22;78;3.52;3.52;
2025;05;22;79;12.10;12.10;
2025;05;22;80;52.00;52.00;
2025;05;22;81;-5.51;-5.51;
2025;05;22;82;1.52;1.52;
2025;05;22;83;13.00;13.00;
2025;05;22;84;19.52;19.52;
2025;05;22;85;14.43;14.43;
2025;05;22;86;20.47;20.47;
2025;05;22;87;19.42;19.42;
2025;05;22;88;14.43;14.43;
2025;05;22;89;18.32;18.32;
2025;05;22;90;14.00;14.00;
2025;05;22;91;10.89;10.89;
2025;05;22;92;7.32;7.32;
2025;05;22;93;12.00;12.00;
2025;05;22;94;11.30;11.30;
2025;05;22;95;10.00;10.00;
2025;05;22;96;5.00;5.00;
*
