MARGINALPIBC;
2025;05;16;1;20.61;20.61;
2025;05;16;2;14.00;14.00;
2025;05;16;3;8.06;8.06;
2025;05;16;4;0.00;.00;
2025;05;16;5;15.00;15.00;
2025;05;16;6;11.91;11.91;
2025;05;16;7;11.04;11.04;
2025;05;16;8;6.00;6.00;
2025;05;16;9;21.50;21.50;
2025;05;16;10;14.00;14.00;
2025;05;16;11;9.70;9.70;
2025;05;16;12;7.00;7.00;
2025;05;16;13;5.11;5.11;
2025;05;16;14;5.11;5.11;
2025;05;16;15;2.66;2.66;
2025;05;16;16;1.72;1.72;
2025;05;16;17;5.28;5.28;
2025;05;16;18;6.58;6.58;
2025;05;16;19;5.28;5.28;
2025;05;16;20;5.78;5.78;
2025;05;16;21;4.75;4.75;
2025;05;16;22;5.11;5.11;
2025;05;16;23;14.00;14.00;
2025;05;16;24;17.80;17.80;
2025;05;16;25;2.81;2.81;
2025;05;16;26;14.00;14.00;
2025;05;16;27;16.00;16.00;
2025;05;16;28;29.32;29.32;
2025;05;16;29;35.10;35.10;
2025;05;16;30;40.00;40.00;
2025;05;16;31;36.50;36.50;
2025;05;16;32;20.00;20.00;
2025;05;16;33;44.14;44.14;
2025;05;16;34;38.47;38.47;
2025;05;16;35;5.11;5.11;
2025;05;16;36;1.50;1.50;
2025;05;16;37;5.11;5.11;
2025;05;16;38;1.79;1.79;
2025;05;16;39;22.31;.00;
2025;05;16;40;22.31;-1.54;
2025;05;16;41;17.59;-1.25;
2025;05;16;42;17.59;-1.54;
2025;05;16;43;17.59;-1.54;
2025;05;16;44;14.73;-3.20;
2025;05;16;45;7.59;-1.54;
2025;05;16;46;6.59;-1.54;
2025;05;16;47;4.31;-2.00;
2025;05;16;48;3.59;-3.80;
2025;05;16;49;6.88;-5.00;
2025;05;16;50;6.88;-5.00;
2025;05;16;51;6.88;-5.00;
2025;05;16;52;6.38;-5.00;
2025;05;16;53;6.09;-5.00;
2025;05;16;54;6.09;-5.52;
2025;05;16;55;6.09;-5.80;
2025;05;16;56;6.09;-5.80;
2025;05;16;57;7.59;-6.12;
2025;05;16;58;7.59;-7.50;
2025;05;16;59;9.09;-7.50;
2025;05;16;60;7.59;-7.50;
2025;05;16;61;6.59;-7.50;
2025;05;16;62;6.59;-7.50;
2025;05;16;63;6.59;-7.77;
2025;05;16;64;6.59;-8.00;
2025;05;16;65;-0.01;-10.00;
2025;05;16;66;6.59;-7.77;
2025;05;16;67;6.59;-6.50;
2025;05;16;68;9.09;-5.80;
2025;05;16;69;-0.01;-1.78;
2025;05;16;70;-0.01;-1.54;
2025;05;16;71;9.30;-1.54;
2025;05;16;72;14.30;-1.54;
2025;05;16;73;10.85;-3.41;
2025;05;16;74;10.85;-2.91;
2025;05;16;75;15.85;-.09;
2025;05;16;76;16.85;.65;
2025;05;16;77;-0.01;-3.50;
2025;05;16;78;0.00;.00;
2025;05;16;79;14.76;14.76;
2025;05;16;80;45.13;45.13;
2025;05;16;81;-1.96;-1.96;
2025;05;16;82;0.54;.54;
2025;05;16;83;25.22;25.22;
2025;05;16;84;45.13;45.13;
2025;05;16;85;37.65;37.65;
2025;05;16;86;44.14;44.14;
2025;05;16;87;44.14;44.14;
2025;05;16;88;36.09;36.09;
2025;05;16;89;48.88;48.88;
2025;05;16;90;44.56;44.56;
2025;05;16;91;46.21;46.21;
2025;05;16;92;44.14;44.14;
2025;05;16;93;36.01;36.01;
2025;05;16;94;35.01;35.01;
2025;05;16;95;29.51;29.51;
2025;05;16;96;20.98;20.98;
*
