MARGINALPIBC;
2025;07;24;1;95.40;95.40;
2025;07;24;2;95.00;95.00;
2025;07;24;3;93.34;93.34;
2025;07;24;4;85.07;85.07;
2025;07;24;5;94.00;94.00;
2025;07;24;6;90.70;90.70;
2025;07;24;7;89.10;89.10;
2025;07;24;8;85.20;85.20;
2025;07;24;9;91.90;91.90;
2025;07;24;10;90.13;90.13;
2025;07;24;11;87.88;87.88;
2025;07;24;12;84.26;84.26;
2025;07;24;13;87.29;87.29;
2025;07;24;14;87.69;87.69;
2025;07;24;15;85.99;85.99;
2025;07;24;16;82.65;82.65;
2025;07;24;17;80.22;80.22;
2025;07;24;18;81.50;81.50;
2025;07;24;19;81.12;81.12;
2025;07;24;20;81.85;81.85;
2025;07;24;21;85.09;85.09;
2025;07;24;22;88.88;88.88;
2025;07;24;23;88.88;88.88;
2025;07;24;24;90.59;90.59;
2025;07;24;25;85.62;85.62;
2025;07;24;26;85.67;85.67;
2025;07;24;27;90.62;90.62;
2025;07;24;28;93.88;93.88;
2025;07;24;29;95.43;95.43;
2025;07;24;30;97.82;97.82;
2025;07;24;31;95.43;95.43;
2025;07;24;32;93.02;93.02;
2025;07;24;33;101.76;101.76;
2025;07;24;34;90.51;90.51;
2025;07;24;35;80.11;80.11;
2025;07;24;36;60.51;60.51;
2025;07;24;37;98.99;98.99;
2025;07;24;38;85.53;85.53;
2025;07;24;39;65.50;65.50;
2025;07;24;40;25.00;25.00;
2025;07;24;41;65.99;65.99;
2025;07;24;42;56.50;56.50;
2025;07;24;43;35.11;35.11;
2025;07;24;44;15.61;15.61;
2025;07;24;45;33.52;33.52;
2025;07;24;46;13.49;13.49;
2025;07;24;47;8.49;8.49;
2025;07;24;48;6.00;6.00;
2025;07;24;49;12.10;12.10;
2025;07;24;50;12.10;12.10;
2025;07;24;51;14.00;14.00;
2025;07;24;52;14.00;14.00;
2025;07;24;53;20.00;20.00;
2025;07;24;54;20.00;20.00;
2025;07;24;55;19.52;19.52;
2025;07;24;56;13.52;13.52;
2025;07;24;57;13.69;13.69;
2025;07;24;58;13.69;13.69;
2025;07;24;59;18.03;18.03;
2025;07;24;60;15.52;15.52;
2025;07;24;61;11.69;11.69;
2025;07;24;62;8.66;8.66;
2025;07;24;63;7.72;7.72;
2025;07;24;64;7.22;7.22;
2025;07;24;65;5.76;5.76;
2025;07;24;66;5.11;5.11;
2025;07;24;67;5.11;5.11;
2025;07;24;68;7.22;7.22;
2025;07;24;69;1.72;1.72;
2025;07;24;70;1.72;1.72;
2025;07;24;71;3.52;3.52;
2025;07;24;72;3.52;3.52;
2025;07;24;73;0.65;.65;
2025;07;24;74;3.52;3.52;
2025;07;24;75;5.11;5.11;
2025;07;24;76;9.02;9.02;
2025;07;24;77;-0.01;-.01;
2025;07;24;78;19.96;19.96;
2025;07;24;79;54.97;54.97;
2025;07;24;80;79.97;79.97;
2025;07;24;81;40.00;40.00;
2025;07;24;82;50.00;50.00;
2025;07;24;83;82.42;82.42;
2025;07;24;84;89.85;89.85;
2025;07;24;85;87.52;87.52;
2025;07;24;86;88.97;88.97;
2025;07;24;87;89.92;89.92;
2025;07;24;88;89.45;89.45;
2025;07;24;89;90.68;90.68;
2025;07;24;90;90.53;90.53;
2025;07;24;91;88.69;88.69;
2025;07;24;92;86.68;86.68;
2025;07;24;93;87.64;87.64;
2025;07;24;94;83.04;83.04;
2025;07;24;95;80.22;80.22;
2025;07;24;96;78.15;78.15;
*
