MARGINALPIBC;
2025;07;06;1;112.17;112.17;
2025;07;06;2;98.28;98.28;
2025;07;06;3;93.33;93.33;
2025;07;06;4;89.91;89.91;
2025;07;06;5;97.27;97.27;
2025;07;06;6;95.00;95.00;
2025;07;06;7;91.49;91.49;
2025;07;06;8;86.43;86.43;
2025;07;06;9;91.68;91.68;
2025;07;06;10;91.44;91.44;
2025;07;06;11;82.88;82.88;
2025;07;06;12;82.88;82.88;
2025;07;06;13;86.78;86.78;
2025;07;06;14;86.78;86.78;
2025;07;06;15;85.76;85.76;
2025;07;06;16;86.35;86.35;
2025;07;06;17;85.76;85.76;
2025;07;06;18;84.51;84.51;
2025;07;06;19;83.99;83.99;
2025;07;06;20;83.53;83.53;
2025;07;06;21;85.17;85.17;
2025;07;06;22;85.15;85.15;
2025;07;06;23;85.17;85.17;
2025;07;06;24;92.77;92.77;
2025;07;06;25;91.14;91.14;
2025;07;06;26;91.74;91.74;
2025;07;06;27;91.74;91.74;
2025;07;06;28;91.61;91.61;
2025;07;06;29;92.97;92.97;
2025;07;06;30;88.02;88.02;
2025;07;06;31;76.98;76.98;
2025;07;06;32;72.43;72.43;
2025;07;06;33;70.62;70.62;
2025;07;06;34;37.10;37.10;
2025;07;06;35;14.91;14.91;
2025;07;06;36;-6.00;-6.00;
2025;07;06;37;57.69;36.97;
2025;07;06;38;57.69;24.80;
2025;07;06;39;2.40;.00;
2025;07;06;40;-5.75;-5.75;
2025;07;06;41;12.50;12.50;
2025;07;06;42;5.00;5.00;
2025;07;06;43;3.52;3.52;
2025;07;06;44;2.00;2.00;
2025;07;06;45;5.00;5.00;
2025;07;06;46;4.31;4.31;
2025;07;06;47;4.31;4.31;
2025;07;06;48;4.31;4.31;
2025;07;06;49;3.52;3.52;
2025;07;06;50;3.00;3.00;
2025;07;06;51;3.52;3.52;
2025;07;06;52;3.52;3.52;
2025;07;06;53;4.31;4.31;
2025;07;06;54;5.00;5.00;
2025;07;06;55;5.00;5.00;
2025;07;06;56;5.00;5.00;
2025;07;06;57;4.31;4.31;
2025;07;06;58;3.99;3.99;
2025;07;06;59;3.52;3.52;
2025;07;06;60;3.52;3.52;
2025;07;06;61;0.65;.65;
2025;07;06;62;0.00;.00;
2025;07;06;63;0.00;.00;
2025;07;06;64;0.65;.65;
2025;07;06;65;0.00;.00;
2025;07;06;66;0.00;.00;
2025;07;06;67;0.00;.00;
2025;07;06;68;0.00;.00;
2025;07;06;69;-4.85;-4.85;
2025;07;06;70;-4.35;-4.35;
2025;07;06;71;0.00;.00;
2025;07;06;72;0.00;.00;
2025;07;06;73;-10.34;-10.34;
2025;07;06;74;-2.10;-2.10;
2025;07;06;75;3.52;3.52;
2025;07;06;76;10.31;10.31;
2025;07;06;77;-2.92;-4.59;
2025;07;06;78;-0.01;-.01;
2025;07;06;79;36.26;36.26;
2025;07;06;80;70.62;70.62;
2025;07;06;81;-0.50;-.50;
2025;07;06;82;60.00;60.00;
2025;07;06;83;85.00;81.00;
2025;07;06;84;92.73;92.73;
2025;07;06;85;82.86;82.86;
2025;07;06;86;84.73;84.73;
2025;07;06;87;88.82;88.82;
2025;07;06;88;91.72;91.72;
2025;07;06;89;90.12;90.12;
2025;07;06;90;90.53;90.53;
2025;07;06;91;88.01;88.01;
2025;07;06;92;84.24;84.24;
2025;07;06;93;93.17;93.17;
2025;07;06;94;88.68;88.68;
2025;07;06;95;83.13;83.13;
2025;07;06;96;83.13;83.13;
*
