MARGINALPIBC;
2025;04;30;1;41.45;18.00;
2025;04;30;2;40.00;19.50;
2025;04;30;3;32.14;31.50;
2025;04;30;4;27.91;46.75;
2025;04;30;5;41.45;33.92;
2025;04;30;6;41.45;33.92;
2025;04;30;7;37.23;33.92;
2025;04;30;8;33.12;33.92;
2025;04;30;9;41.45;28.30;
2025;04;30;10;33.12;29.78;
2025;04;30;11;30.12;29.78;
2025;04;30;12;28.74;30.29;
2025;04;30;13;41.45;24.89;
2025;04;30;14;33.12;28.30;
2025;04;30;15;32.14;29.78;
2025;04;30;16;30.12;29.78;
2025;04;30;17;33.12;24.89;
2025;04;30;18;28.74;24.89;
2025;04;30;19;28.74;29.78;
2025;04;30;20;28.74;30.41;
2025;04;30;21;30.12;24.89;
2025;04;30;22;28.74;26.75;
2025;04;30;23;28.45;24.89;
2025;04;30;24;28.45;-4.10;
2025;04;30;25;26.42;.00;
2025;04;30;26;18.30;.00;
2025;04;30;27;18.30;.00;
2025;04;30;28;1.50;.00;
2025;04;30;29;-0.05;.00;
2025;04;30;30;-0.05;.00;
2025;04;30;31;-5.12;.00;
2025;04;30;32;-5.12;.00;
2025;04;30;33;-5.12;.00;
2025;04;30;34;-5.12;.00;
2025;04;30;35;-0.05;-5.00;
2025;04;30;36;16.00;.00;
2025;04;30;37;-5.12;2.50;
2025;04;30;38;-0.05;2.74;
2025;04;30;39;-0.05;.00;
2025;04;30;40;-0.05;-2.00;
2025;04;30;41;-0.05;-9.92;
2025;04;30;42;-0.05;-10.00;
2025;04;30;43;-0.05;-10.00;
2025;04;30;44;-0.05;-10.00;
2025;04;30;45;5.10;-10.00;
2025;04;30;46;5.10;-10.00;
2025;04;30;47;5.10;-10.00;
2025;04;30;48;5.10;-10.00;
2025;04;30;49;16.94;-3.00;
2025;04;30;50;16.94;-5.17;
2025;04;30;51;16.94;-5.17;
2025;04;30;52;16.95;-5.17;
2025;04;30;53;26.42;-3.00;
2025;04;30;54;26.42;-5.17;
2025;04;30;55;26.42;-5.17;
2025;04;30;56;26.42;-5.17;
2025;04;30;57;26.42;-3.15;
2025;04;30;58;26.42;-3.15;
2025;04;30;59;26.42;-3.15;
2025;04;30;60;26.55;-3.15;
2025;04;30;61;26.42;-3.02;
2025;04;30;62;28.45;-3.02;
2025;04;30;63;28.74;-3.02;
2025;04;30;64;30.12;-3.02;
2025;04;30;65;27.22;-3.01;
2025;04;30;66;26.42;-3.01;
2025;04;30;67;26.42;-3.01;
2025;04;30;68;26.42;-3.00;
2025;04;30;69;23.77;-3.00;
2025;04;30;70;23.77;-3.00;
2025;04;30;71;23.77;-2.51;
2025;04;30;72;23.77;-2.50;
2025;04;30;73;21.86;-2.45;
2025;04;30;74;21.86;-2.45;
2025;04;30;75;21.86;-2.45;
2025;04;30;76;25.87;-2.45;
2025;04;30;77;8.60;-10.32;
2025;04;30;78;8.60;-6.18;
2025;04;30;79;8.60;-5.17;
2025;04;30;80;20.60;-6.39;
2025;04;30;81;21.58;.00;
2025;04;30;82;21.58;.01;
2025;04;30;83;33.58;2.50;
2025;04;30;84;33.58;11.75;
2025;04;30;85;28.00;.00;
2025;04;30;86;28.00;.00;
2025;04;30;87;28.00;.00;
2025;04;30;88;28.00;.00;
2025;04;30;89;28.88;.00;
2025;04;30;90;25.88;.00;
2025;04;30;91;25.88;.00;
2025;04;30;92;25.88;.00;
2025;04;30;93;21.58;-2.00;
2025;04;30;94;21.58;-1.54;
2025;04;30;95;21.58;-1.54;
2025;04;30;96;21.58;-1.54;
*
