MARGINALPIBC;
2025;04;20;1;-5.00;-5.00;
2025;04;20;2;-5.21;-5.21;
2025;04;20;3;-5.21;-5.21;
2025;04;20;4;-5.21;-5.21;
2025;04;20;5;-5.21;-5.21;
2025;04;20;6;-5.21;-5.21;
2025;04;20;7;-5.21;-5.21;
2025;04;20;8;-5.00;-5.00;
2025;04;20;9;-5.90;-5.90;
2025;04;20;10;-5.21;-5.21;
2025;04;20;11;-5.21;-5.21;
2025;04;20;12;-5.00;-5.00;
2025;04;20;13;-5.21;-5.21;
2025;04;20;14;-5.21;-5.21;
2025;04;20;15;-5.00;-5.00;
2025;04;20;16;-3.62;-3.62;
2025;04;20;17;-5.00;-5.00;
2025;04;20;18;-5.00;-5.00;
2025;04;20;19;-1.20;-1.20;
2025;04;20;20;0.00;.00;
2025;04;20;21;-5.00;-5.00;
2025;04;20;22;-4.12;-4.12;
2025;04;20;23;-1.54;-1.54;
2025;04;20;24;-0.48;-.48;
2025;04;20;25;-4.48;-4.48;
2025;04;20;26;-1.54;-1.54;
2025;04;20;27;-1.01;-1.01;
2025;04;20;28;0.00;.00;
2025;04;20;29;-3.62;-3.62;
2025;04;20;30;-1.01;-1.01;
2025;04;20;31;-0.01;-.01;
2025;04;20;32;0.00;.00;
2025;04;20;33;0.50;.50;
2025;04;20;34;-1.00;-1.00;
2025;04;20;35;-5.21;-5.21;
2025;04;20;36;-9.95;-9.95;
2025;04;20;37;1.62;1.62;
2025;04;20;38;0.65;.65;
2025;04;20;39;-1.54;-1.54;
2025;04;20;40;-4.12;-4.12;
2025;04;20;41;0.85;.85;
2025;04;20;42;0.65;.65;
2025;04;20;43;0.00;.00;
2025;04;20;44;0.00;.00;
2025;04;20;45;0.69;.69;
2025;04;20;46;0.00;.00;
2025;04;20;47;0.00;.00;
2025;04;20;48;0.00;.00;
2025;04;20;49;0.00;.00;
2025;04;20;50;0.00;.00;
2025;04;20;51;0.00;.00;
2025;04;20;52;0.00;.00;
2025;04;20;53;-2.00;-2.00;
2025;04;20;54;-2.00;-2.00;
2025;04;20;55;-2.20;-2.20;
2025;04;20;56;-3.00;-3.00;
2025;04;20;57;-2.99;-2.99;
2025;04;20;58;-3.00;-3.00;
2025;04;20;59;-4.00;-4.00;
2025;04;20;60;-4.00;-4.00;
2025;04;20;61;-4.00;-4.00;
2025;04;20;62;-4.00;-4.00;
2025;04;20;63;-4.00;-4.00;
2025;04;20;64;-2.20;-2.20;
2025;04;20;65;-6.00;-9.00;
2025;04;20;66;-4.50;-4.50;
2025;04;20;67;-1.54;-1.54;
2025;04;20;68;-1.00;-1.00;
2025;04;20;69;-1.54;-1.54;
2025;04;20;70;-0.43;-.43;
2025;04;20;71;-0.21;-.21;
2025;04;20;72;0.00;.00;
2025;04;20;73;-0.30;-.30;
2025;04;20;74;0.00;.00;
2025;04;20;75;0.00;.00;
2025;04;20;76;0.00;.00;
2025;04;20;77;-3.00;-3.00;
2025;04;20;78;0.55;.55;
2025;04;20;79;3.52;3.52;
2025;04;20;80;5.50;5.50;
2025;04;20;81;9.55;10.99;
2025;04;20;82;10.26;38.99;
2025;04;20;83;15.24;58.68;
2025;04;20;84;15.24;64.75;
2025;04;20;85;29.55;94.14;
2025;04;20;86;38.43;90.58;
2025;04;20;87;50.01;90.41;
2025;04;20;88;50.01;85.10;
2025;04;20;89;58.00;86.50;
2025;04;20;90;58.00;84.97;
2025;04;20;91;46.27;85.10;
2025;04;20;92;46.27;85.10;
2025;04;20;93;39.02;50.00;
2025;04;20;94;39.02;47.90;
2025;04;20;95;39.02;50.00;
2025;04;20;96;33.50;47.90;
*
